-0.0071439195786903165 18.471835064751392
-0.018632961102327872 18.47694257731731
-0.023780932816430872 18.474254251257253
0.0008927271828267358 18.478722636447372
0.006216853462037875 18.47818267326551
0.016358118664007937 18.478890386098623
0.031547392638685834 18.471996015966514
0.01573691441295033 18.44474141748584
0.0003888121958071089 18.45974341591474
0.007401258543031419 18.49799971176008
0.018726989779791314 18.48854033906657
0.049393860809030576 18.473506466112315
0.056990924566837076 18.46336512131552
0.07969572576567277 18.47754273120143
0.0738680203916191 18.465896766643212
0.07559568849470524 18.46132719031127
0.07315494097996217 18.483864789970596
0.08240163822270474 18.49076060724585
0.059738487871706686 18.477638270233033
0.06693866503135829 18.46891418481472
0.08596199366859922 18.48443107962409
0.07734904560061948 18.474223054846405
0.09743081745710472 18.469254467867458
0.08458050237358339 18.46191082305766
0.08551258297364817 18.458437999769203
0.09808190040448594 18.470748511108958
0.08375667599781789 18.47023682849017
0.08212005487902796 18.47723982710378
0.07846321843240939 18.474184122573885
0.09822917943620901 18.477370852873037
0.10818440909928495 18.475691788807172
0.10991311391525066 18.48259215610288
0.0959474149349836 18.462968547068225
0.1112908014129459 18.47509005822623
0.10965536554988747 18.493354265931057
0.0853900630123417 18.49563907273504
0.0937364693495557 18.471688440116306
0.08874743379100619 18.477207167922067
0.08888383804663452 18.47801043919824
0.1068096555378697 18.47738817854189
0.13464073301089874 18.487993025674484
0.15726380094737508 18.480966922655753
0.15757343741545995 18.483239975398245
0.22146248854439055 18.492659579315042
0.23542760247534347 18.474872861986814
0.26268671395533444 18.504661060234824
0.26316682736795277 18.465794667862653
0.25995701175022745 18.48206571900174
0.26193632474806205 18.474235251017202
0.2923574290616629 18.495987705176425
0.310274343425783 18.488405811803375
0.3034267459153147 18.489118513273944
0.29871060692923224 18.510707692597283
0.30573774792065417 18.493086877903263
0.304201520623973 18.477547942141435
0.31314138939745056 18.48781045374756
0.2942541871998485 18.493073340809364
0.3019581639287203 18.481184940230747
0.303741018105399 18.48137583260761
0.3198489413102136 18.49130222371724
0.3003478640952095 18.486666612397602
0.3235347426883157 18.490114599292884
0.3256758175647092 18.474971959979595
0.334548991338113 18.47241347160702
0.33961906180893436 18.47747883685912
0.3573459348517734 18.48800321380778
0.33740348430334893 18.477983911608067
0.3615007280367639 18.47882781523064
0.3831476207540108 18.48590111968359
0.4042156798894207 18.47090951275177
0.4158148545766669 18.490591406615064
0.4318242557396328 18.48627181392408
0.4259173463389946 18.48781164751323
0.46699973849720483 18.48126953614143
0.48231364787825887 18.491617335285603
0.51115911651007 18.49049576563933
0.5112201069523308 18.48629850729391
0.5024653596563435 18.459223763985595
0.5039312727991317 18.477635471699116
0.49318526881152075 18.476095127490563
0.5152565450365567 18.501818255934033
0.5029522590802795 18.484683483335388
0.5227489585118966 18.491066502327342
0.5192288925492915 18.4952657602875
0.5347475628824032 18.483159075292907
0.5268031083118468 18.46753432567646
0.5129865921530922 18.50146469678208
0.49793375813026486 18.49006066286986
0.5115092532902866 18.46093515956651
0.5225595173505091 18.47712757858793
0.5121299876498467 18.474959339620263
0.505646976931156 18.469030421215862
0.5118633263031335 18.47930622519447
0.5250070239628682 18.479694766024483
0.54687222662312 18.490459368097852
0.5626033350331006 18.49420156047721
0.5932084374530595 18.49776393275018
0.5917379986056153 18.477683959667857
0.6181884181128978 18.49183146834808
0.623438506424489 18.50135781600035
0.6452103980791695 18.491961825311122
0.6580252311990344 18.485090109687878
0.628356990266301 18.50587470473801
0.6533897295681144 18.49794782331173
0.6604816352377657 18.50775365013429
0.6665176485491691 18.488705912935163
0.7022762399653284 18.527463599243557
0.6889258604877382 18.488984773676126
0.705407337734234 18.47944818555946
0.733461496043223 18.4845433613284
0.7578862118282027 18.499966418928345
0.7634361992300627 18.512584410370707
0.7755932952440057 18.540695114930088
0.7900996717350559 18.54470935956674
0.8283732951696043 18.559947002236402
0.8555646366912923 18.536236069718424
0.8670163687262851 18.544633136373115
0.8774518510421078 18.54119028950333
0.8998288014750093 18.576205647716936
0.9217022450512806 18.53479047427407
0.9384493833893525 18.55254594765986
0.9491147400638813 18.55454445737319
0.9787570223429725 18.561442817042764
1.0063026722180308 18.57368506487553
0.9976012279309467 18.585952875025708
1.0103152273332383 18.577014134688106
1.01474223806601 18.57926859883247
1.025886241875026 18.58192693656308
1.0255207055860405 18.570278289347705
1.0282498653261651 18.58054349104712
1.040944279389146 18.56643968070885
1.0395725491391004 18.569232995642196
1.0237985213338214 18.594998209390216
1.030675121423085 18.612345071012935
1.0488124570057136 18.583456686159032
1.0488880375531846 18.584875256937426
1.041163839250968 18.584715091305227
1.0663175470234076 18.581757376623692
1.068821895855723 18.58799551262183
1.0616159750741168 18.587581001404082
1.078064296023586 18.617675826718013
1.0788237068462627 18.604191663369043
1.0593847266951606 18.590544469135704
1.064267154408353 18.609410663428573
1.0602168745896765 18.626529604600183
1.0860836022451896 18.60278858205669
1.0885144057320442 18.59012542825471
1.1203053033334363 18.629322283172645
1.1191534143306205 18.638644358554846
1.121421399492072 18.62038079624665
1.1411648873522164 18.62137750169181
1.1472247718115167 18.62257220382819
1.1462140616036562 18.613581485330457
1.1523667142183853 18.624127950957853
1.1779797450293117 18.617640445812654
1.193389903911383 18.62770006784329
1.1933724779546255 18.62484601409032
1.21847466726828 18.63310341012737
1.2142226021758793 18.646412274642923
1.2217297081645413 18.62132809980058
1.2315499583784466 18.61947058125696
1.237814028573231 18.651627397333677
1.2592463171094357 18.65221141646297
1.2631452995375332 18.647221642611466
1.258818708642542 18.64733961089996
1.2811909535011563 18.649949138653515
1.2700412957173413 18.646141069392538
1.269191225663978 18.65501684682608
1.2735755429453448 18.66048621558006
1.296415975851664 18.6737024607103
1.273066705105069 18.653970810315304
1.2949220030169313 18.66697409625957
1.3041593084687175 18.656731300305854
1.3195758395898216 18.669370583258296
1.3136282821413354 18.655654238661384
1.3208830724738658 18.668521823683935
1.3292614095016064 18.659512362666565
1.3377985689273384 18.688074246455727
1.3306260222647028 18.692372340475544
1.3366409276511 18.683697987439235
1.3549829504109132 18.67520695269119
1.3569682240394052 18.663038549120646
1.3368397498938502 18.6610106144608
1.3541012746297856 18.66533608738942
1.338119663064713 18.686415278919387
1.3608729279279999 18.684965089255016
1.3628320895494146 18.69280515146389
1.3817387717165885 18.67437972721974
1.3900073392026617 18.683308425582542
1.4245194226331486 18.682189331036934
1.4315857370695952 18.720969458547028
1.4211993129053797 18.684300206240373
1.423944569216686 18.68530392744777
1.4384449680102729 18.667929499019664
1.4442556004149063 18.67169770670158
1.4813342327570775 18.70073211705594
1.508781281568914 18.710762208869074
1.5115852053089474 18.705894391790416
1.5010758351506543 18.698847907430387
1.5264429665930568 18.703643498873326
1.5287371002400432 18.70896547497032
1.5464414567222375 18.710325267725203
1.5649064035588673 18.716633430093555
1.562929586542197 18.718337480967524
1.5644355647878412 18.74879727234069
1.587634590676044 18.74409116729247
1.5902550850553685 18.744245435574804
1.5994241810686516 18.733409378460582
1.6291647201494417 18.7388289648185
1.6012705016306867 18.73350550455754
1.6703015103760803 18.738294947971355
1.6879565874716898 18.733508095114292
1.6758373530363109 18.743194467475906
1.6737206727691678 18.738104972881697
1.68890024047517 18.750164604899712
1.7243921935114785 18.76360657522771
1.7171820626538326 18.76392297206132
1.7386900357948039 18.759647509037954
1.7532159066971778 18.770201710717764
1.7582689329177157 18.764202903811835
1.7660398787374398 18.79570221689401
1.8064625284021878 18.78280714904538
1.8098757317923524 18.782959226634464
1.827339410092974 18.77546914948604
1.8466863721527114 18.788552561067863
1.839839442606193 18.80081118142638
1.8682481688372334 18.805019719668994
1.8892994161382148 18.79999368653826
1.9263807027929567 18.826977075578785
1.9564916442508171 18.839192591996653
1.9645213751583714 18.852336525022626
1.9747891234728865 18.848335557105276
2.001629010250899 18.85134827215891
2.027611435054492 18.85658890152689
2.0396224294166476 18.875095494673797
2.0654694617484393 18.86139774988695
2.0659827391054897 18.88833875608108
2.1166759212876753 18.862687866298273
2.12019021698612 18.870252087481465
2.1420795060632383 18.891854402790802
2.155935814009587 18.917151816364516
2.164178163322418 18.882727409396473
2.193677416385538 18.90255835326533
2.1976949183458045 18.898231228792305
2.206988735323204 18.91146895441483
2.2173095989637206 18.915444904987382
2.2241157633319233 18.919959268648345
2.2232401486425313 18.9175707987328
2.237588793645176 18.95546487144872
2.2516929649825626 18.93936363566345
2.2710978562894755 18.936628523954795
2.2981030218035983 18.94849647803427
2.29030261976945 18.963336486281264
2.296009418556657 18.94478275996692
2.317273158899009 18.98024484440626
2.325011993466034 18.97756119236037
2.3451324460813705 19.005225150777704
2.355341109206363 19.015612750706218
2.3740530681674152 19.024772806139833
2.404055990606092 19.04372893207175
2.4287303412692793 19.039431132396906
2.4258301436955554 19.03403605176551
2.4473353092631864 19.046071005366013
2.4566530217503337 19.035683313716515
2.484079577825427 19.044363527041874
2.5123245549913897 19.059087195991356
2.5345624796524726 19.051942362000258
2.55077494142074 19.05560198889698
2.563828307597815 19.057537495352875
2.578716043966908 19.056900113732762
2.6122842019559105 19.06731154615458
2.6341025202141557 19.0954157390588
2.653148481289265 19.101600063938577
2.652674796467206 19.103579923309734
2.6539319507217316 19.106282332412277
2.6742230646930687 19.127402227250627
2.6741070986414393 19.111816506326022
2.7022195642311444 19.10433525045447
2.7137783260236907 19.10926762902639
2.7172022225037793 19.108920174305066
2.7505624227619636 19.126545641522643
2.7446836350653667 19.143102078509738
2.7411943323237127 19.147144984323432
2.7544074175389275 19.149972112677737
2.746439533647725 19.174537057649122
2.778101156859618 19.155361573043283
2.793498119273292 19.158632521489164
2.7838505015723127 19.153185731928527
2.809035203649402 19.165696936501696
2.803941560005468 19.164897381795612
2.808901080446814 19.195715755391344
2.834983987284003 19.208837611488935
2.847935455039515 19.178720914762938
2.858801180561218 19.182631525913244
2.8378005203950827 19.190114919722003
2.8704333573614353 19.222175477804853
2.8697570652304853 19.222788042061303
2.8850408390241133 19.217402239729736
2.904329145329081 19.23169017370177
2.928457329174942 19.250651535504094
2.912590241184124 19.239328915566638
2.918568886641314 19.257071702142397
2.9208502507457776 19.251615519650915
2.9381922597508545 19.285113635750484
2.9271032839918014 19.268917719782337
2.9106861075429613 19.241728898650685
2.9252079363522405 19.26858414970868
2.91778350628719 19.24253344599152
2.913286956733209 19.298938108819563
2.924787412123771 19.270166209892228
2.9167814419306435 19.259470143883977
2.938525719707117 19.291687690525748
2.922129664666992 19.26140394188042
2.9456678633288025 19.277560653195877
2.9502787137995012 19.279255098322267
2.947710844328904 19.294092675065396
2.9443647778143367 19.30872525333301
2.947806233797352 19.294176678622467
2.935168417659767 19.29464431797393
2.968574795092296 19.327135329176823
2.9740946673031203 19.302833449155223
2.9830209000468697 19.313927799966198
2.974605483438494 19.293554948066387
2.9903379539023542 19.285224235286922
2.9802253202675866 19.28137194456995
2.9960469365641798 19.277323332650575
3.0290074572499543 19.2696720045836
3.01135777255997 19.33589208272735
3.0185418704633373 19.328135064264487
3.0578644472567946 19.335770313823748
3.053543586131824 19.342135467703443
3.0603247055761043 19.366853902407634
3.055841036721708 19.376535904309844
3.0908246556003984 19.366722108871905
3.093544560224826 19.404219468199262
3.1107140346793267 19.39763126013309
3.112528208937357 19.422293162659734
3.121934525689613 19.40595285750499
3.150328328621996 19.42657133269725
3.1835820010099134 19.433058474820424
3.1722897261327243 19.463933604735022
3.191541231409515 19.462749909803865
3.191910988684816 19.465971414015932
3.2319213374752658 19.47051518267264
3.2569329685788304 19.47606344241682
3.286219653771645 19.509167586941572
3.265970850546763 19.492106112636982
3.2688989150862566 19.492139494211667
3.3043998929712606 19.5071663103945
3.2660846676761404 19.498906193754355
3.2948441948533604 19.539350976289164
3.342840575185765 19.53483918727327
3.3432735794304462 19.572305382907206
3.359776571672438 19.547033610084426
3.3939327188754036 19.571741488693633
3.399786850360103 19.57914157760991
3.4095820350593877 19.576434534622404
3.4291243328842653 19.57511245686495
3.4356335501106745 19.604521679608013
3.412830044126923 19.599895224381353
3.4687663568102804 19.6278787712568
3.4960102516958966 19.65448483092963
3.5153930511737483 19.658557177358016
3.526400829197391 19.656369496952372
3.5517986456360306 19.66553768711668
3.5601026240013085 19.691439031451207
3.5825537783803756 19.70316132690239
3.6004626940526685 19.73230512609888
3.6080045135056054 19.721733296813802
3.610503558015515 19.698566713648596
3.6567872753049393 19.73666102922002
3.6667246190214158 19.754901702236964
3.6659240761940546 19.79270896950177
3.681047955780824 19.797242304930702
3.700978233572119 19.802789235145674
3.7269954808939927 19.761724273288923
3.7374604997748193 19.788889610199252
3.801002191288267 19.850014782498405
3.777821920446003 19.821402648812484
3.8093089286230803 19.82195093861152
3.808088370543956 19.851972216174705
3.8913290786324035 19.848088293284622
3.926562311687106 19.874162838261814
3.9308965981299187 19.891626951547362
3.9275428926990306 19.908807316151254
3.9414583558435825 19.920754425224448
3.960112204523156 19.92581930606076
4.012184241278554 19.936033348845463
4.048587105703017 19.936044695891493
4.066817656487773 19.929913419995426
4.091825820883279 20.024140557194414
4.113994011791482 20.017289420827794
4.1136888979692605 20.035048640730874
4.157233127371655 20.061437970023587
4.166772880231987 20.09152720727198
4.183552908008527 20.10375916831033
4.227725055961417 20.103180227886757
4.265480369368578 20.109293355960258
4.2568194726209425 20.138889665205603
4.317921718876548 20.114875156821057
4.328967648691433 20.154086716147138
4.33350157570269 20.13841284323419
4.383002815481418 20.172825499605274
4.439303144799467 20.18286355412733
4.404740875928912 20.194170034379635
4.418482969377305 20.241655394388772
4.430775328234453 20.299437574432215
4.480204371904099 20.292072388050215
4.50324479498877 20.27693804359969
4.54838718873393 20.30829295259296
4.558410816601253 20.349428506576988
4.567348166153191 20.34092435708116
4.5991711596073115 20.350174320033883
4.608263956802697 20.380763407807535
4.596960150574449 20.39374965838283
4.65001261886306 20.363512337180012
4.643027070608695 20.36667743798407
4.698246077307947 20.417282717094164
4.726764161989674 20.441358007760805
4.71524364146157 20.448570563967074
4.737572727918442 20.503453139608965
4.777520836072723 20.53082998975961
4.799614032977717 20.556670571731182
4.790871313471861 20.518920562800158
4.829103285136295 20.558339854810175
4.857344170688229 20.591353325330466
4.864473949616377 20.591489896880727
4.889448238341251 20.62310101309965
4.868292947354007 20.573532342906926
4.883745943330862 20.63596718981305
4.923498505103633 20.677389076131398
4.933672350029615 20.683748942536823
4.906652580516048 20.70130498024234
4.925222677701387 20.656821054265443
4.935646128924296 20.67186407261658
4.9368922276561475 20.69869170317363
4.936096800919974 20.710556988256236
4.936261482182022 20.731836701677892
4.99640133117923 20.791806989220216
5.006663543747546 20.807145564074652
5.017752734639558 20.810656580300645
5.018978024129774 20.80690774380869
5.070718244053157 20.852362312768285
5.0522218453390275 20.883853731150626
5.08603838889099 20.871197729512527
5.119747694380306 20.883576567131634
5.112301113279536 20.910652913032582
5.176314258388662 20.94925587769949
5.151199028031047 20.958861578354405
5.17061763468266 20.97737824729118
5.1753657113991585 20.96859233344467
5.202734501016821 20.99924505251048
5.256837361700647 21.0285993357032
5.2456473392722796 21.007773753800258
5.215641711998299 21.040384153937662
5.230067467405376 21.078109266694003
5.239318580748715 21.1006067437029
5.251736229090752 21.072803343363898
5.297237581878263 21.04366093405439
5.3132308214179975 21.07867502305109
5.329923414926814 21.111773514178314
5.342796796237636 21.124080676000837
5.303714976998133 21.124196326102854
5.322247327987159 21.173774282612865
5.331273197987406 21.176527903462706
5.333766146888093 21.19746474960437
5.347840802233927 21.23636240494575
5.376050966841624 21.181943400543922
5.362010898843434 21.211919304937794
5.383738566046277 21.2390532082336
5.392837407311331 21.27101015462113
5.429062672885104 21.29400012274906
5.463469397914336 21.283270152506752
5.48165874527592 21.32276302742164
5.500369662620387 21.333230067356933
5.5073071587966345 21.39688140721309
5.516079274916774 21.360546672503897
5.556051141384634 21.339248150966966
5.559017636109762 21.36642346783396
5.532701878312522 21.425372589127377
5.566593585250603 21.42163799650982
5.568924948883352 21.418041174543426
5.58062092608847 21.441825093309536
5.5872859294018555 21.434268060368588
5.601608553247344 21.470043222432427
5.590879366245851 21.459762837402586
5.589843618954411 21.48565535473302
5.637277085572483 21.48341771824122
5.653438263606057 21.52076946179142
5.646016201644837 21.556952871199886
5.609631638550254 21.5813374759182
5.673771624556531 21.580412663000708
5.701327649036935 21.59690626479184
5.68727949473694 21.600285144615455
5.696193656276605 21.620592892415868
5.685501326341639 21.65205830853041
5.7214042812304955 21.6626172358338
5.7356492465094036 21.68860659010431
5.737974727676083 21.701521776578414
5.7981239045967685 21.683092107786692
5.745972079737391 21.74230247146786
5.798073125478285 21.715154247845028
5.817499693256091 21.765897652110326
5.825185737006223 21.73623258492075
5.803602918019439 21.737490944928474
5.82917832460708 21.77798314270101
5.835880425550752 21.784507176947457
5.829561225250387 21.798182350744057
5.8136353194524695 21.821721462273135
5.842553395483806 21.80847038168602
5.851070462505159 21.808864416277093
5.86105936803177 21.808941017143606
5.867544621067521 21.872687134759847
5.862611139826268 21.889467612204843
5.871884297040994 21.87217948794212
5.880299670543779 21.882478953071256
5.885527314429935 21.898842051125
5.914937956008251 21.948983588397624
5.934976512870253 21.926507876200315
5.946846108663269 21.91449032605112
5.916274358247989 21.981288316070618
5.9178909971941565 21.974655056105593
5.900320787576093 21.990438736570972
5.942912970081016 21.966935667053974
5.98467743708156 21.977571951572425
5.995463329674557 22.027146377679802
6.019138051743155 22.072359187781075
6.010661779188948 22.06031352631802
5.95333942923579 22.112359251639518
5.980696695321271 22.118897610596
6.0409104501983135 22.08501652414918
6.030073639371715 22.10168438730212
5.993470044185562 22.12038086510825
6.004016625395435 22.142442085506804
6.068787082360192 22.21125786130765
6.040750034523269 22.181797945713026
6.014033217911844 22.18953319571077
6.062286053968508 22.24181061753984
6.088134318716141 22.260844089131847
6.106738592703909 22.23290738048487
6.0740730689174525 22.27094150611632
6.088770957196915 22.30185030489334
6.136664285168255 22.330209315497445
6.146679628958812 22.342279162473382
6.186000075497649 22.396208799237716
6.132585240960162 22.356389179446204
6.130203965216902 22.378861274037213
6.154492358056515 22.38796527556518
6.141196214668178 22.419422856238043
6.186698502291472 22.466518692264163
6.2207944727901765 22.478788448458204
6.232518678556023 22.532696519527533
6.218694452008065 22.55501912523731
6.241210875553496 22.583308154462568
6.265148594570399 22.55159106414981
6.258217242264597 22.51902283388036
6.25053867704418 22.622739033913874
6.298086622356494 22.63834319466034
6.3826690895965426 22.67497554379608
6.308642109021958 22.729464598475364
6.377150781702604 22.692214914289618
6.397001403138851 22.68095766860886
6.4244842338896975 22.78717445994066
6.383019587496367 22.83582951275084
6.424467980722191 22.82754907356539
6.416665963984119 22.81302214802482
6.4233327956046615 22.84466316995716
6.395065330092545 22.87848731269596
6.416889185595577 22.854932634361532
6.462678505270076 22.860197846988523
6.418298876037978 22.889557525341388
6.44323265400681 22.892872279444724
6.4103958949466895 22.908462412494547
6.434021771117959 22.862756408795963
6.523347155830194 22.898846662110547
6.458768941973349 22.94195697403909
6.431235408901857 22.925867872101897
6.502450545522537 22.86512230386862
6.507787476556105 22.890912640359154
6.4880941400087595 22.9100010302305
6.4124404712753735 22.949990274570382
6.493161849295032 22.95490935805896
6.476851920384133 22.939926146931388
6.45267732146398 22.952422765631372
6.434640761041045 22.944170637503237
6.48131291081785 22.941336843947095
6.5100486462288405 22.946959860505014
6.491434146071054 22.967374998701228
6.514003046899566 22.981970247852853
6.497774544934654 22.986825723988584
6.510759928981015 23.026884699228262
6.541271546547948 22.987187298756822
6.566737987027634 23.046411646176484
6.524054198520727 23.05586787700621
6.49208812944407 23.05380622842463
6.561099703293317 23.074869926020735
6.498393698465805 23.106547214347007
6.552507554173364 23.109245445342996
6.5675255125867595 23.125910285318003
6.572099776668429 23.159740081885257
6.573568843629161 23.198282496607888
6.5977542640298354 23.172702780799373
6.590835138516307 23.225519433881786
6.582722911793655 23.28076470783755
6.620922347265756 23.258457547644394
6.624619688789758 23.30407989427203
6.644304559833818 23.328129569360186
6.661566808860229 23.31196442793049
6.674974975985483 23.365914076337013
6.638612203782685 23.40431734102326
6.672237254740909 23.43149822627989
6.6810083058574286 23.43981536525253
6.687245611169457 23.47342858895503
6.798681341064343 23.463198354406984
6.809474240702794 23.507074456677913
6.76877506285536 23.559115871076234
6.744789300438351 23.563578968745183
6.7166231925385755 23.57609037997161
6.761849861832738 23.560145764368855
6.780209950823803 23.551585936194876
6.745921923624861 23.5802911497748
6.765307641465389 23.60990224708033
6.731872866413407 23.6051671019953
6.828444330423258 23.620198470132472
6.874170883047203 23.668756556301076
6.873400005918609 23.655035405074358
6.7946348392390155 23.677958388749783
6.812170732699185 23.699891597317624
6.829888927650532 23.717832927082743
6.848743272828199 23.719402973202858
6.80239350745434 23.75661054218357
6.7821849346322 23.807546065320462
6.810476269447694 23.79586110339032
6.88740125949888 23.804105562707264
6.843021447272807 23.859423761398535
6.8705828042470305 23.892198846942225
6.846490956659669 23.88014848241596
6.876277554603985 23.91374943077061
6.8593179193002385 23.923373288689888
6.838313516360646 23.959034920189243
6.8618419895116975 23.97107608545252
6.953620390703476 23.994291545271125
6.858640794549056 24.02015521715317
6.903648332058715 23.9783264306501
6.865946516443717 24.08146070526677
6.895915056793922 24.167210999157426
6.934313251876251 24.10566994484913
6.93355283413312 24.098354470482167
6.958021045661793 24.08418720502142
6.886621918278659 24.14472301068882
6.925163925666914 24.163710928879052
6.969502844795007 24.218309528247552
6.9954213080155165 24.238744895960675
6.971746922688642 24.299520166134446
6.974618824751474 24.311889201718884
6.933059708726741 24.275856920525754
6.9503275359018 24.28135343475158
6.945399171517427 24.331676422878935
6.90613471130965 24.355889699593945
6.98428126444365 24.348751949113918
6.943471943298839 24.383814163914575
6.963210644407188 24.360727538156386
6.95760386037933 24.379449532812494
6.998820991099339 24.38007645381763
7.033672694815772 24.422868841994575
6.9806976843886925 24.456063118674457
6.9876585519956445 24.472085769058868
7.05048220854718 24.486991881742714
7.049929735321936 24.504399654340833
7.051472739794383 24.5225224090699
7.0749808522249555 24.551268780406158
7.074231495895154 24.535697098262478
7.037523742219045 24.56700743153573
7.013509369143835 24.556585516384242
7.016257630863427 24.618025220222307
7.093717460226491 24.678542242159864
7.080909435343333 24.708130711320624
7.089862281616232 24.7353351221749
7.096649209387923 24.743552239737532
7.04494496807691 24.79417167839533
7.079074916186662 24.809447011424034
7.125917953468637 24.84190015228318
7.122584379877417 24.914393391017693
7.133121300969043 24.919568288585925
7.125498671781189 24.92504114915199
7.134844456702716 24.96011285468411
7.100085157695613 24.992709669909075
7.080039323952199 25.02549511077968
7.0876700504547685 25.023043627352553
7.135345594847402 25.02852378358383
7.146587351315709 25.084780490220524
7.192483813636184 25.111145694407075
7.182366948998764 25.140697488590064
7.168667037538324 25.183819760532465
7.144291274394402 25.23323170724912
7.139676279071979 25.235797595172308
7.225105270827688 25.275018698537906
7.211286725295366 25.290089339958023
7.215989142105143 25.308598935719765
7.175907205859977 25.36598705471337
7.192921708756111 25.31815203825488
7.199200640142882 25.33230410656702
7.243471143547992 25.392355163288993
7.227922258194546 25.336655788683192
7.2596363051165955 25.331662107645425
7.235759823865173 25.43339850128404
7.238534743446422 25.499079586500997
7.324068812863868 25.534325659179935
7.219981003270415 25.553163737524027
7.2148943783568 25.59196918504318
7.257621859163094 25.52710242617857
7.243313780882553 25.514173580078563
7.259076639672324 25.55167993807248
7.271396493549945 25.55760079020735
7.22532028412291 25.615667470801903
7.311107164642093 25.644473880324746
7.286368491965583 25.67603213510843
7.288419574707977 25.682409775363077
7.30943040632383 25.766895561390708
7.286351782725749 25.75086959533801
7.255354722247883 25.766547746824315
7.227089118299621 25.792629601847153
7.275322516304507 25.832740674545178
7.306012552198988 25.895314333105926
7.2623798784714975 25.8834629136554
7.29011446408281 25.868893165737024
7.228294023730845 25.936658570413638
7.346041215117912 25.954490304517986
7.309910777112992 26.02356006728028
7.38081231495625 26.010693541903926
7.335404031896039 26.017144065545743
7.345641388194096 26.04812345654307
7.362220537651082 26.099257925368793
7.373926212426621 26.142783504172122
7.306226777256334 26.221691411993646
7.341054438549786 26.196295957368616
7.327276291356448 26.199082113044856
7.30618766529434 26.275985555884912
7.28371583470917 26.3481400041017
7.250319282094398 26.347433479994795
7.240619898769003 26.350003953870637
7.269894703178594 26.40153229580513
7.259275132520381 26.41182107137653
7.341796668773747 26.458060027183052
7.35283064687373 26.48398316479269
7.310213285317747 26.421251875208977
7.28163915023849 26.52879714326817
7.319850165101976 26.542240457624935
7.249222935643414 26.603757049596137
7.21972086950178 26.63585040457552
7.276092714332107 26.631892186364766
7.3047819301761265 26.637413163169605
7.284954689017226 26.60584507873099
7.284214308288841 26.706636386579596
7.306848654800467 26.722700031771605
7.338171250125972 26.705515455380784
7.390145565312271 26.7408750593018
7.374599589458827 26.73596805163026
7.278222000881853 26.732906312826632
7.32658763950893 26.76141936998209
7.360082414784259 26.770800956135087
7.398669112283976 26.809253378122783
7.435786334107771 26.829656721888867
7.388408890437761 26.876008671808677
7.31158162321497 26.858748150156362
7.318264307296636 26.964770873247215
7.301348511449261 26.965419921508815
7.322013828222162 26.941416506061643
7.37679152849539 27.022359252155063
7.318216768917408 27.02099642553948
7.366160601192533 27.045198947874763
7.394631857003505 27.02556034115106
7.41567033667024 27.089810377072386
7.220737672989619 27.135164935839576
7.225538264559304 27.171870346308534
7.243258007199764 27.144662335100953
7.292741619725429 27.165740893992904
7.258132627501317 27.19704636255063
7.2724297240006734 27.241955856663782
7.241594724184907 27.24121412197718
7.25142005230278 27.21980844036793
7.147127691801508 27.278624164914895
7.212917951159813 27.337501854777067
7.211443674647826 27.238486597206464
7.20675204184917 27.34661855422247
7.232003200959528 27.35834963476883
7.235094709723347 27.390440979272643
7.1940902421270785 27.437312688583372
7.271042575678509 27.4214826614137
7.244807429661931 27.462442347102474
7.236865451416314 27.49697201350239
7.240432943365902 27.543789730601837
7.189252129532019 27.550943842496107
7.002188962597457 27.616903458646128
7.176448258634251 27.618996295738743
7.157877109492044 27.615178516647983
7.146828522696666 27.644506059176127
7.1303414848112086 27.696963119448686
7.167179508436848 27.70198595540162
7.138281746477914 27.724068189503065
7.108526075118375 27.72529286672498
7.092918878271093 27.75593434911588
7.017046369735449 27.827478276038264
7.173723076841728 27.85756631250841
7.046794030576989 27.845007256993668
6.948488415208304 27.861807690923914
7.027388416720825 27.867458963354334
7.03918404313235 27.87044620419552
6.968146005659234 27.941132077100008
7.016772425981421 28.005545465107964
6.962365699754493 28.05356609369099
7.02924706787663 28.0045923807822
7.014240625136679 27.999954238313418
7.1087011087213625 28.01440131656506
7.030253690772807 28.050924088941883
7.002721191845429 28.06946980440123
7.021978128774026 28.11797933369095
7.146610911959723 28.124853173360115
7.028022391790865 28.16198117551021
6.939890356742728 28.161839555872533
7.002662070290869 28.10891350919498
7.033184445185482 28.172345264888587
6.919471123353211 28.275495316876494
7.0364915114320885 28.23868652121025
7.022950951875896 28.183243130522953
7.02992421776972 28.271329356182374
6.978472071771459 28.359180189388102
6.96488171826556 28.274825277149972
7.0136320175026325 28.34126603548024
6.869513444589963 28.34730298870892
6.994166627247135 28.42869979958358
6.979304123592928 28.45885250048012
7.001353717175456 28.45801144902478
6.893853115389452 28.505471326124194
6.858191169912163 28.495558709370243
6.885438036012589 28.479059727927215
6.89725891465039 28.53971153146438
6.861176117685326 28.592885261524827
6.7952542845979576 28.634853082304566
6.80353184374194 28.637190142690894
6.892156535231394 28.701672621273815
6.930707876340495 28.72201947044202
6.842623508836966 28.74858974649021
6.856656225712349 28.73963506405656
6.874357091131189 28.775776546196244
6.744312349721518 28.795422238370012
6.86785018175295 28.795142750994902
6.758435502301557 28.871863534126067
6.715586434655652 28.876727899207328
6.725208039418135 28.90217364578393
6.748710394305075 28.981718838094682
6.811786630920665 28.928995114055645
6.7855778919218555 28.971909492793106
6.7963098203709364 29.002445223323072
6.674838365080942 29.141085522942674
6.773226898216195 29.094926297140827
6.75116368044597 29.01728053484498
6.73510425503733 28.93523959146911
6.721344430036195 29.036652923687257
6.720045694721394 29.107672467998853
6.627583698934634 29.178462898364753
6.638937960077357 29.151188927158397
6.55243643240871 29.16498853862342
6.648419443797983 29.223701476308445
6.6844393540486005 29.22156852641005
6.713250926411087 29.255548794305145
6.702437719993927 29.32953217109216
6.543955202678509 29.38033386285332
6.581107303776246 29.38416826502693
6.42987585557212 29.374176582633893
6.583414994249219 29.524396039992933
6.6359905858252395 29.492575690851684
6.658232885444244 29.4548387481363
6.6875361640055555 29.46480205893479
6.480843982466598 29.56133624151201
6.505558914258603 29.577431433648474
6.553377478018524 29.5454849350687
6.599701861465366 29.59956563137735
6.628460505448821 29.506856995014182
6.486286710999454 29.543243480548174
6.52645186251585 29.63399266822596
6.489276384066441 29.652907121271223
6.57405929707456 29.704668553374177
6.567015700147161 29.64528441214674
6.456333815166421 29.78457821549948
6.3631878769043 29.672451206614166
6.358589931824165 29.757279708013964
6.357819383544584 29.740405171221596
6.303161828279089 29.912455000513855
6.385578532205999 29.87844554059021
6.4639516263122845 29.890959083438656
6.333410153499693 29.90769926944526
6.3051321548970485 29.93635891840804
6.210230745748983 30.04444513883689
6.206639830919353 30.10285032600202
6.237800613128891 30.056592166201348
6.309440043728622 30.09169691614609
6.161183085473122 30.185037460834845
6.074123543169691 30.20544961674805
6.257807891619296 30.110767695118863
6.1897131644030505 30.258746415941765
6.0929207409944315 30.327427116672276
6.050419146336811 30.29537973591166
6.0997719752868536 30.305621707987754
6.043743807559765 30.298462155096857
6.042702046817628 30.24541997658266
5.975685667387785 30.418841080498318
6.057496762813687 30.393505594502827
6.062029579993786 30.426455603091274
6.026051614528304 30.40035023845926
5.947972702552126 30.43423245661243
5.920501657422151 30.5072535183109
5.951874717554581 30.55987940525928
6.0257872390673874 30.597288694909054
6.057171206426002 30.56823327833521
5.936654337716241 30.535864380940975
5.929502057671355 30.536518724347403
5.882645456607944 30.731746191982403
5.935835450211755 30.643214789499392
5.749821662592989 30.687555690807102
5.776329620550975 30.785820507658816
5.77231642283745 30.77224880968297
5.813515203608002 30.740883169516213
5.832673906464822 30.79969348364425
5.828949189358313 30.810386358924244
5.70525446799609 30.907971710884304
5.753316306560956 30.90781669365083
5.793579060687809 30.902316957045468
5.8182943015872075 31.010951045549994
5.7782747094890325 30.932802204902654
5.763712028907636 30.905215665569898
5.734058416095323 30.921584812127815
5.6088568647338795 31.043012940840377
5.647232022481936 31.009394917809516
5.541545604355302 31.1686764468878
5.496735487783082 31.188993006212556
5.594163450183407 31.22110062038631
5.621449678562436 31.169925837963714
5.57817739248688 31.274439075127678
5.518425864057248 31.248929493864697
5.504853752418869 31.28004892691639
5.575843316743969 31.26351280337832
5.591119359982055 31.2565691238574
5.404293600105891 31.22489389435018
5.497008119389797 31.291552053422254
5.429563244882174 31.327680330764974
5.458301456758243 31.343534258068868
5.32524728933365 31.345014811430108
5.439861408332069 31.463903364313293
5.522277387066364 31.471710687273664
5.4531077559461085 31.48638580841807
5.378332159728068 31.47170983297431
5.318705262281813 31.468093907182308
5.269087873732151 31.412566134184804
5.1654250361257406 31.44494938336196
5.186759322529954 31.486768088592086
5.3055326393539834 31.53507124096262
5.286434183889105 31.56656402852347
5.3038687899538495 31.537549591230395
5.215331865235003 31.559625482241717
5.076603659481819 31.631696276631562
5.221009102078538 31.725462083414552
5.082089518307467 31.684433069683713
5.116896710350727 31.637775672372705
5.129951471043717 31.70799839021583
5.130412225411944 31.840789456524522
5.094968463023352 31.88817034934736
5.095481758311088 31.86778461311117
5.05806799745219 31.89362431988575
4.995702126285997 31.864473074590315
4.91079384129187 31.867398620883723
4.87528348559115 31.80314133459122
4.883370679991679 31.801614247100193
4.841787155757533 31.7859205035301
4.771461322275914 31.848605914229566
4.975245646941192 31.90790741031809
4.802343383995919 32.09669801126907
4.926379579562173 32.06157451306448
4.815346993620464 32.09690173730522
4.846937800564309 32.096055373728376
4.83383531506535 32.144879511623024
4.784186598890912 32.146456677489276
4.58980366173363 32.17423716970774
4.734755024279093 32.1255569613567
4.877417089124943 32.205409078929584
4.7044768676949795 32.17590983530001
4.634388085251752 32.2163612968295
4.5346232225796035 32.348199055367544
4.743235545845586 32.31693469071309
4.647904721158034 32.28319304350077
4.6007345955197 32.316580630753776
4.597604362142682 32.30796402454812
4.6140779506701595 32.33970669879561
4.331997955582185 32.353797450456234
4.543051165305536 32.340729645462325
4.440665151347944 32.4058438252118
4.3496437681205595 32.44534809025966
4.312245135560038 32.48782243606799
4.345242351684096 32.46038665299891
4.376265681107363 32.47642013222534
4.192936729804735 32.56198195291328
4.268181623181969 32.49969084296164
4.259220570342565 32.471467592623746
4.290362584239272 32.55401639313911
4.21843278004513 32.58208382962236
4.2499208252615395 32.62611917206113
4.070257718664602 32.63661293133072
4.030748810024722 32.643728926301094
4.031279488070206 32.781358321530284
4.075616795929967 32.719210643667125
4.069184208787372 32.76775151768119
3.9967487831645476 32.777092675571936
3.9627225358796254 32.72635636608214
3.989869171173285 32.774575476778736
3.9796568852051615 32.74899433915566
4.027365109300438 32.761076142221306
3.6594446882217273 32.880659411579714
3.7390627784113857 32.81914211020787
3.7724620726818507 32.9194459859156
3.872176720425636 32.87599855546902
3.9135397809813908 32.8948285078539
3.87061558882483 32.85132972457102
3.841117726181697 32.89650975902974
3.809787535878798 32.94757912245809
3.4582473859642584 32.93467364067763
3.737645283819596 32.994916267459146
3.729142368820483 32.96725002846977
3.611456336643379 33.093411635189845
3.58837461538048 33.14697243968768
3.5273312577306832 33.09069273143483
3.6171538572385953 33.09047687085862
3.5618049223745194 33.18700820073996
3.5185464790957424 33.18839734049154
3.561045479287449 33.16489009670108
3.468558835828979 33.20777364891805
3.426738458191581 33.23102392425066
3.524375424494033 33.26474628434442
3.476978968933191 33.206067894002075
3.5361790466350307 33.24105792429659
3.450774246966417 33.259198569360684
3.458513401875891 33.22074418128834
3.433245651241484 33.230521765704125
3.4201367850255733 33.25716062119191
3.2531813470538387 33.25718952976201
3.5026713919067953 33.30355395718506
3.447137127123388 33.306900358849454
3.458274506999648 33.349694750772635
3.419000625053843 33.36542018427324
3.4833473857068573 33.240719648898754
3.2571320769012813 33.33449048210933
3.4162542319197144 33.335256979172165
3.276204744295378 33.31748860403289
3.23100714083203 33.28874718154855
3.1971340697811264 33.225927225506204
3.2628005117477072 33.272952664484315
3.315591787551407 33.35059278429241
3.319701457170564 33.37649222132133
3.2091493668872983 33.44645850032264
3.2071600027355793 33.47359092021138
3.2088574270982777 33.4935471830355
3.1940092096545274 33.4807363032026
3.2440707624853626 33.42052451061693
3.0070639297305064 33.389215468805126
3.0545702231442164 33.38218009925737
3.045681170723249 33.51933335079753
3.0847177289630046 33.53659234856731
3.18294483131096 33.5071766444204
3.0618351885956367 33.59778401030418
2.8691655946286594 33.48063044215874
2.9625278513584687 33.45017250747827
2.8442739874811953 33.518344223369645
2.643571699366215 33.479390413778816
2.9008068228515733 33.579489590563426
2.8787162160551456 33.520669623603425
2.7264317956157216 33.49162491577344
2.7363592387202447 33.577330287363054
2.7319112354019945 33.60599579526112
2.7546719530792854 33.578784426230584
2.663310456483713 33.68061612303251
2.4843492362116164 33.60459208139008
2.4826721042654913 33.62421320308553
2.5064540869353715 33.631820208516494
2.3663556917426622 33.63994530393503
2.615575251155925 33.654407483627544
2.5612123760521435 33.617427166744925
2.4804019343213355 33.639482610976316
2.3617407396462 33.600074568500695
2.501411561800237 33.61990982841537
2.401785300217071 33.62724854116807
2.442818681580576 33.66227284334618
2.4265995720843234 33.676807579187354
2.2590576466002203 33.72484581174945
2.4526770669510434 33.748874843048654
2.35808517858295 33.682224485408426
2.3911932340387128 33.65672808901168
2.172965466981994 33.76983997160739
2.181608703801454 33.71662920882086
2.1305135613227058 33.91402751894694
1.9353739156643357 33.886521662669374
2.080538159929256 33.80967668251916
1.9289008275720567 33.845634073318955
1.964217367196926 33.82433726430573
1.9805691789979312 33.890544492786454
1.8266314229005536 33.884880673528976
1.74895155385401 33.797024512175646
1.6967051702121365 33.91102555072211
1.7226337558299833 33.96419523719681
1.6670453076441045 33.95179612452995
1.6886798911817293 33.96213772844512
1.652493290894261 33.97905106086353
1.5170774963782316 33.939565918758845
1.6728830992214885 33.94053902724252
1.5614162740480773 34.06234394166864
1.6166790596480811 33.9971320999468
1.4126694244081401 33.859747888185204
1.3522952671858435 34.0888530919045
1.3313848882893704 34.12107163600177
1.4148941499906291 34.07448842620268
1.158539630032871 34.091428508941135
1.0821018200264199 34.08328150458163
1.2996010838162366 34.19897416123383
1.2415669665354576 34.101190746456695
1.137306232317617 34.0926219641686
1.076390820287154 34.03996222365382
1.1599585804186405 34.11005619480434
1.026018534010683 34.03537777231759
1.0650374213088396 34.118645377444466
0.9802372382441279 34.19708519122444
0.9043970387379224 34.17598602038861
0.878155722170239 34.103486106312296
0.8321203851874606 34.15765398949068
0.7670401258031733 34.144998408545256
0.9229747332312292 34.09874386029008
0.843915320336819 34.283686051676
0.8923408935140065 34.21185354508683
0.7204346591483759 34.14086431456485
0.6359917238845808 34.22804545516525
0.7253335373049902 34.120981542626886
0.7545618318527034 34.2448588549221
0.7319312096110844 34.266405967462376
0.5928332357267269 34.26170978166558
0.5720614616174313 34.194891279241176
0.6691331108175369 34.1934829533777
0.4840737573846529 34.131053263935065
0.42384056008661963 34.16630112042291
0.2962549525159107 34.12585929845023
0.4491916790414487 34.11901533198885
0.5171870561145105 34.22972718248799
0.44982199219115687 34.21092950838834
0.5489386146614079 34.292786954189886
0.13976197496667322 34.2410336695912
0.14246693722601478 34.18856607458185
0.21334674084276567 34.202255996947045
0.2521919083537231 34.16839875290194
0.2134646161149681 34.183157577420076
0.06317853551567325 34.27505260320702
0.1353697427335405 34.17752603709811
-0.010982881984605272 34.171713233052046
-0.18486589998785175 34.23366313402243
-0.05194077669824114 34.36241025232733
-0.1338919572016129 34.257425802789626
-0.09988415797846929 34.18553225603115
-0.0543980716156187 34.17857115415095
-0.26526354667542507 34.23275600167227
-0.3193605666458305 34.3656742281841
-0.36501269751526466 34.23451154564844
-0.47008132921476237 34.30534471910221
-0.4913415472924428 34.27810361548353
-0.5025936322323161 34.31742512452033
-0.46707942555416776 34.32358886654674
-0.6539638750266227 34.22291573343462
-0.6017653535432295 34.3307945029775
-0.7511405303100914 34.30893379451553
-0.6511476211041768 34.2538620565775
-0.6946656275340175 34.248051332558944
-0.6492286953780306 34.345148513833934
-0.672743836106501 34.22389203783146
-0.7764139964561589 34.31817763602557
-0.9587486311140261 34.30080006738914
-0.8647307937253241 34.39044261633437
-0.7090154194074565 34.34197078803799
-0.792453118204016 34.390634477353174
-1.0519415231972233 34.38078630285453
-0.8568670944034777 34.36262017587847
-1.0775213232509762 34.33880369156689
-1.0985669503066848 34.28082682246917
-0.9753811921601461 34.41347313065542
-1.0687997747962907 34.31210090508745
-0.9123027613187153 34.27477499739621
-1.0733624114397977 34.31614177018638
-1.177252241057809 34.22419322178612
-1.117597319778861 34.27456671009264
-1.4309953214788589 34.30646372265884
-1.4542890375835387 34.29345657077605
-1.1638284126147411 34.41656855396679
-1.282469868734434 34.36395655347466
-1.358405298602844 34.356602486970885
-1.3107113220269662 34.23613564483323
-1.2009694575236016 34.237916485205815
-1.2652914159472939 34.287904430996896
-1.2931387389745286 34.24753300025663
-1.345034721458498 34.44113461314839
-1.462745987591789 34.23933148595628
-1.3916879749204614 34.20218987061321
-1.4449339423294645 34.16671983963738
-1.4969410949724429 34.24139339665357
-1.4003180264611004 34.43332369037031
-1.453410202060234 34.26225268060228
-1.5333867954035865 34.321728759779845
-1.3561155825594398 34.4285329377408
-1.4068987054665978 34.256717660750255
-1.3981431912419495 34.446836133056514
-1.4374875130319467 34.31367059565007
-1.3840807682055707 34.46043278314305
-1.5242921738895285 34.29856947877891
-1.3526181240718373 34.51267949845149
-1.595591232972371 34.322686737947485
-1.3814315234278012 34.48950390299738
-1.3342533897699542 34.36764516633048
-1.4689258242466168 34.513854894294056
-1.2768841764496917 34.512496068050716
-1.358137065276561 34.336261842620345
-1.395541191043397 34.3694122052137
-1.3939405023192046 34.43618071912881
-1.5147057156112607 34.36768869050305
-1.4583192062945622 34.34053501963319
-1.6283333240744475 34.388396784516196
-1.4007767979340024 34.403707534794904
-1.4610450454157846 34.36097053719474
-1.4593163960089697 34.37963368556915
-1.5024285700043778 34.420101866496466
-1.4837281226750818 34.368660325801976
-1.384067159869076 34.317298520167064
-1.539838508896925 34.403872817460574
-1.639825595340896 34.3798180326141
-1.6043123732848714 34.39047379907105
-1.7675486084752858 34.37506610231386
-1.5766559929826052 34.38849949414477
-1.517295821060241 34.37509387222385
-1.6415356552609892 34.35836455922211
-1.8567550602523801 34.39186111273565
-1.695852012631756 34.31701670174508
-1.9051802445068788 34.240364057221974
-1.7709534799372384 34.28491924437822
-1.8101321415387148 34.375113917028635
-2.000707968833865 34.31572132349699
-1.984379538521296 34.3508601498688
-2.0020479248105483 34.3634920375363
-2.0680385074724157 34.277149717090225
-2.0434262866233794 34.2351736586401
-2.148686309140826 34.238348849349464
-2.168298107289823 34.327250010396874
-2.1582129673957526 34.30601857026106
-2.1299948193557956 34.346074574576015
-2.271559496173154 34.278956739270804
-2.2389331531462004 34.27121877131539
-2.2733279047212585 34.2526945620273
-2.3627245191112913 34.225446879431836
-2.205580715293606 34.166381266943255
-2.3583557774281925 34.14349609213943
-2.389574584321366 34.165369181663046
-2.1878948097402477 34.18331387695459
-2.273492389382672 34.3376891714073
-2.32859252719508 34.32233204071602
-2.2323878923698954 34.18856601709665
-2.4742648732262333 34.095596210091074
-2.6008443965362673 34.134847890134864
-2.4083616087426343 34.13305436669803
-2.4850565876805795 34.1597637291842
-2.5655747187230356 34.33225057265497
-2.645756425440614 34.27518467225331
-2.467076858640711 34.131871349860376
-2.5972524399544987 34.06809724687945
-2.575449055471349 34.08673832549172
-2.6808614549348944 34.05311518161988
-2.887120881226959 34.15081506658465
-2.7156667493156594 34.12473212505509
-2.7247069927192995 34.08641790719146
-2.681091601259065 34.048866627273746
-2.8543614465923595 33.93142876461227
-2.9047796904102823 34.0558331167839
-2.822485470731741 34.040609875803305
-2.89163949440245 34.013889438995186
-2.8999091295982495 34.02272640694468
-2.9365920402067522 34.0115253502917
-2.9366590233224876 33.97366119370282
-3.0499799858857592 33.95215534642828
-2.9498047926110895 33.93253992227421
-3.0284603864558424 33.9843562418881
-3.040011646124237 33.927482770214326
-2.9598408061181876 34.02454503720597
-2.9984051999420878 33.95215847954149
-3.035357616625568 34.03428410253193
-3.0047148776266215 34.003097323721484
-3.0579542015472145 33.960735694378656
-3.297294594037286 33.995405840313715
-3.18160729657523 34.05234331929852
-3.1036135701466674 33.90977077322906
-3.145280294085728 33.91917229227682
-3.090928380841721 33.99034205831934
-3.220599636936644 34.01481761094027
-3.15896141618296 34.03342925458225
-3.2880693682975153 33.938665662520364
-3.1839593977176635 33.987265338716576
-3.118826237294614 34.05169833502062
-3.203053655381368 34.081789661943574
-3.139136446761648 33.962645077223215
-3.296108005022085 33.92972690090445
-3.328578671480705 33.90044552961096
-3.3990546973188147 33.92808516007134
-3.3798621594018314 33.90575459683061
-3.3757684759235325 33.91946882599432
-3.314590585566434 33.914996961453454
-3.425910030787678 33.89397816197241
-3.4258144927638217 33.904045387534815
-3.4168654356726416 33.98393788875285
-3.4487813369865155 33.87421035367241
-3.416546168961761 33.8733132491981
-3.4799197230903474 33.845921247712035
-3.524031102843085 33.715914807678544
-3.8231078604883515 33.67588516509581
-3.5262821306014622 33.78292673612681
-3.747061898355252 33.76161555361371
-3.794597728092786 33.73152341140225
-3.700840484961342 33.809522151834216
-3.8219208006067604 33.6715080367186
-3.901757702388365 33.66985903833657
-3.853450420050966 33.70208204543991
-3.9244365999737187 33.64091735398523
-3.8584438531520884 33.72109900888428
-3.8722579086115374 33.64432286539615
-3.8564307951790546 33.63500241833466
-3.9311709040839626 33.65351382394937
-4.042368911244498 33.51537952402209
-4.084122687267305 33.65789698349691
-4.24371277890931 33.46308852331944
-4.348030133807896 33.43389094384111
-4.326261763378042 33.466921189619214
-4.439272971524316 33.476546454128794
-4.327854609640093 33.53645552409324
-4.401702858588456 33.45578696999194
-4.236015736350498 33.43553443203025
-4.158935669900813 33.51219209283531
-4.152284770121224 33.469064591880425
-4.208898263433859 33.45853626945349
-4.2677725073137625 33.45294236767144
-4.3620008631046385 33.48514030117059
-4.491932055013646 33.446802588439326
-4.635614772231756 33.280113282458245
-4.2546768252877705 33.482785471532594
-4.266964629945036 33.45685616895576
-4.44735170065006 33.33764289582334
-4.222375566548133 33.41423305024891
-4.475672290348689 33.43252890252519
-4.443063039264333 33.44825725868093
-4.423681351851508 33.4649995547763
-4.349354717308195 33.48439783083585
-4.336232606203398 33.43374478704452
-4.270192721717694 33.364259035799606
-4.360640245703907 33.30142650524197
-4.355368839397293 33.342665586306566
-4.274562387538513 33.333720324982785
-4.476177032344166 33.36230485272655
-4.363674665811577 33.367619066033186
-4.431060906392341 33.44670304863663
-4.511708226946336 33.42717674929417
-4.572395457571455 33.41191799881137
-4.566355597064083 33.28193190296801
-4.616451109680885 33.256988331630005
-4.490223759592867 33.304268404740604
-4.4464437265913554 33.330619111168645
-4.523430295056617 33.25605982439545
-4.638651619969361 33.198630662081925
-4.802409373222741 33.16485099161103
-4.655200849574996 33.18273365377544
-4.6396330258211504 33.16754372037159
-4.72766905757193 33.22397397432994
-4.926003642441425 33.1007093753417
-4.859145948097376 33.04656308446263
-4.810306746406412 33.09264807894631
-4.796264427820878 33.144669299509495
-4.712393689037716 33.09647535936721
-4.6316393500390385 33.065591458860425
-4.736989492249882 32.95465572750569
-4.867967822134152 32.92788007219756
-4.854909915878006 33.02167805681274
-4.860374653838928 32.92086824358968
-4.943984663186814 32.93871205643122
-4.967281071142052 32.96269369304303
-4.995529891632052 32.88755729375854
-4.997024582502477 32.95711591320305
-5.038222021116298 32.96628123910301
-5.1599200166008306 32.804030758444334
-5.049525544243512 32.79872505388683
-5.1291120622480255 32.78548812519361
-5.135037824655752 32.81899392024258
-5.055458215668422 32.84423524730847
-5.138708358910122 32.8311299711981
-5.126453980557462 32.857617466423655
-5.193209856481058 32.836909610336065
-5.341061440790367 32.6996642032725
-5.153949410591785 32.781010631713386
-5.157488902432256 32.73840912810469
-5.215019513480083 32.62938083616407
-5.368538561709479 32.66800006619641
-5.352243940040993 32.714991089919884
-5.339263085724396 32.68665036957753
-5.446458614273986 32.6259678771377
-5.653848787437332 32.532295550250986
-5.5585712089312 32.425328256990845
-5.584277262622967 32.420011324355556
-5.517599715395733 32.465085237438224
-5.5064721621531865 32.466394416876454
-5.660284915267221 32.34504992131437
-5.766980159852931 32.40434868724121
-5.7301168455801665 32.34671609353418
-5.776976474866336 32.335955279157076
-5.6349392098154825 32.39339743654239
-5.749561291207964 32.26314710776604
-5.678956045510488 32.300541366893306
-5.695768658444087 32.348730206613205
-5.921358596747299 32.2981153815996
-5.869532461869025 32.24206340139058
-5.834846960061168 32.176441279391824
-5.948474067812961 32.123934680209985
-5.840908167398726 32.16807142078267
-5.869621200771799 32.194870582818155
-6.00086697990895 32.103522384834484
-5.877289694318827 32.19696736734321
-5.888973102872913 32.17337320787914
-6.111098305832886 32.03767095327489
-6.070596349522671 32.05414341596696
-6.2717825636139635 32.03647109254553
-6.103039092453456 32.05471635890674
-6.0517014009876124 32.05384233372503
-6.00315038499241 32.01824226765718
-6.088329219048545 31.99426908407384
-6.055854117388739 32.00175257864554
-6.044875938849476 31.9533913299596
-6.025771982116138 31.87215736945232
-6.296709106376992 31.815025048739077
-6.255376754816628 31.823410585207252
-6.168747586956288 31.852852283785406
-6.169299733575567 31.844874379002157
-6.1715489809558655 31.798912382147112
-6.0565089952736235 31.83130215161294
-6.1952126871711855 31.792123374571187
-6.161070706511064 31.722876698005702
-6.3255147352138295 31.592912200665836
-6.515481891080426 31.55373349634348
-6.507415542993464 31.575484997657842
-6.472673158989425 31.538116811349127
-6.452795044749557 31.64097994354627
-6.401304642492223 31.65143084753127
-6.439083725400573 31.663140597758087
-6.565437443088445 31.451900746019295
-6.662254144895672 31.40365544036636
-6.546390237138101 31.511309160292345
-6.4712046919984045 31.520215376303693
-6.464198387023284 31.508158619525403
-6.506688107310871 31.399886240739725
-6.545444333061138 31.349275730570866
-6.596873916000942 31.388873582451975
-6.4816043989703225 31.365629701196866
-6.60867154275504 31.38145852875011
-6.586881700194724 31.35078487889823
-6.521963288712098 31.309766452146718
-6.516879230504897 31.315749019350832
-6.703543444249262 31.1948052138314
-6.7462573975694236 31.188192266073017
-6.643680146203751 31.268507287861258
-6.681846476709485 31.26632393691041
-6.862287479330368 31.12112127858411
-6.829435948182709 31.130079624535657
-6.859631359046721 31.159169302049825
-6.721348912070993 31.12411769712528
-6.946271542221935 31.036782020942344
-6.740464711498047 31.047084121259157
-6.731610609112912 31.10051647054039
-6.924224154585033 31.04458448822812
-6.907216817726697 31.018532207299252
-6.939330978528581 30.992568807146345
-6.930006162311826 31.0152383700447
-6.907368070380706 30.919873522547817
-6.971890750580984 30.881719119673654
-6.940536394791766 30.89539703987527
-6.876104442669709 30.910689183118055
-6.920412428274211 30.89628770529772
-7.03874704933647 30.768668687655843
-6.9703199904276945 30.746469539333617
-7.002151115625839 30.74758787650858
-7.045605376332522 30.742789044067727
-7.035468348979568 30.72019101368265
-7.1426054431588355 30.641186205481745
-7.142102020784161 30.752006865808557
-7.068722465226665 30.713669821138822
-7.121904773328469 30.605486225083567
-7.176116353525503 30.55036677901841
-7.1874436365763525 30.620331645971614
-7.172848361171536 30.653044478585493
-7.1985097326021465 30.583052533268923
-7.141356209575635 30.535987273165393
-7.253293069758113 30.60314936409416
-7.188997975340696 30.574257736788383
-7.128179626907867 30.590668925352666
-7.1025190761920065 30.51714509099359
-7.056795475512596 30.540392184979247
-7.098596480715086 30.510667844518714
-7.271318027025397 30.386422426286874
-7.295300350758519 30.462541234079463
-7.146400755898869 30.53691099094729
-7.284209531491018 30.540792629676524
-7.187897531214618 30.45853832579413
-7.178408246885937 30.433643944145178
-7.302967547905251 30.372962673712028
-7.372932464926998 30.34540050260515
-7.2045947836150726 30.454682676063406
-7.085098904516232 30.431574417374932
-7.179637673012036 30.366479284679503
-7.208728753067939 30.3332567117885
-7.277397295275985 30.26310970331599
-7.381397066810068 30.238860348997235
-7.29826131998113 30.235568095589127
-7.2690910835017375 30.20886453022806
-7.2980580525358345 30.14484560768048
-7.315656180514859 30.121326413833206
-7.280951578938006 30.090008940475034
-7.399349666312018 30.06945430068843
-7.42425463786727 30.01954244206879
-7.517785017682481 30.01243506796457
-7.517351072561143 30.004402898420658
-7.465647968698639 29.931718740828845
-7.568004683554497 29.87247208794731
-7.448231979970158 29.88611638653206
-7.396466936580525 29.899988512677577
-7.4712886305350965 29.87795768628949
-7.4942904062423406 29.829238124491347
-7.533889375279771 29.744764598732825
-7.569370609087264 29.806742614847348
-7.560796076105615 29.712746988901728
-7.528758928502285 29.725055059512073
-7.5424404983807305 29.72566742911016
-7.540852513692944 29.703429389953886
-7.588385780249096 29.736258686600422
-7.555976432893444 29.742319146306766
-7.643951396584724 29.645497173371965
-7.617777299110152 29.67416175702409
-7.733731979421468 29.603297655786413
-7.64952888674066 29.619032990833354
-7.6004932838653625 29.578356539247675
-7.670089798820523 29.599580895638496
-7.592690014715931 29.56835764327424
-7.645057432257261 29.534495135452197
-7.7220677281379775 29.507968678621843
-7.733362281665386 29.470233052564566
-7.611323367986527 29.579010035002653
-7.6124794354626015 29.56348101690357
-7.614858005493274 29.543405914751798
-7.761282132621355 29.360804159694098
-7.70371846055028 29.33512830692481
-7.592204424339868 29.435745501117644
-7.601517142251111 29.500597045430364
-7.727160705131351 29.319167352155326
-7.759115719960004 29.301144874710563
-7.8206798886354045 29.269309068578572
-7.797324424141354 29.236509390397277
-7.696439903947108 29.273675378191996
-7.714799145501895 29.267838100974995
-7.841437217457718 29.14065941567832
-7.88695329060733 29.09426643219092
-7.88475970762806 29.127635257564727
-7.888967392442879 29.044210949139497
-7.922697430990832 28.996866106903525
-7.859193788901357 29.009313363281425
-7.790628091507352 29.036313610481404
-7.8895759845820725 28.93093269099576
-7.939902633495423 28.908149061903814
-7.9442469782166265 28.89978763832278
-7.953821247167452 28.843903875638844
-7.943752772448332 28.839076058481506
-7.865328602853746 28.862371947803673
-7.849712873799608 28.8441659070146
-7.868462486087815 28.803976586743214
-7.924804049968656 28.745552064986185
-7.9938702864460796 28.76568803531698
-7.994555243938643 28.640705293896087
-8.035037544592122 28.65259204729221
-7.965334997321869 28.698559161844322
-8.014607547454917 28.60810502955571
-7.968337471754877 28.61422111574218
-7.932046473019652 28.58031840821724
-7.99549459066265 28.54864009762426
-7.971231147171731 28.565097541146624
-8.024667235001413 28.433472291729778
-8.096583086786861 28.44914327374512
-7.993087230676753 28.45407798845026
-7.953320155697805 28.416212156099736
-7.978807008012496 28.321435998659457
-8.004698136398808 28.25746394542896
-7.946133551484624 28.289840224213155
-7.948624343205616 28.227047892693133
-7.984752819927916 28.19181798080646
-8.093304954557775 28.219141658455804
-7.983394941925563 28.239135425069946
-7.972258198437789 28.15685689323159
-8.068338441110164 28.058368289727138
-8.076082280175083 28.13758627222841
-8.111190575408514 28.021423268759047
-8.074093566265406 28.092164070318642
-8.166223013281247 28.00125802834624
-8.070315230000952 28.033152874393448
-8.025204080088837 28.004259166769682
-8.141275868326646 27.97929228985012
-8.147585343471341 27.883284089195463
-8.140720164530197 27.90017079274407
-8.050308812413176 27.936414285579655
-8.173359111689688 27.782990766701158
-8.1874113424336 27.735516781518317
-8.174836402576636 27.783596974076076
-8.165171864205567 27.74974218154624
-8.220960916518505 27.7123128072883
-8.154989994275413 27.712350505145245
-8.205169580068361 27.670482345718234
-8.227043547617857 27.642374750986992
-8.270089911215477 27.51345040745626
-8.146844406269837 27.63330713538988
-8.127863572476011 27.61094355435582
-8.129836376082938 27.515568404872468
-8.180576430263038 27.480537493617863
-8.110515029807875 27.475407843586687
-8.219335039145085 27.46400343895394
-8.105649098410272 27.43686218154396
-8.154054883727083 27.44894163887472
-8.117247448495608 27.452120744476264
-8.151497715845812 27.392183105818308
-8.199248970698985 27.414024118650733
-8.172916107712675 27.39811634481029
-8.136828124762694 27.365728817329185
-8.306548461333715 27.366299795552102
-8.237430000804036 27.290685672599302
-8.186354595102387 27.25924109642219
-8.226746421718223 27.21044203403981
-8.3003893480552 27.186341449442406
-8.182659324302387 27.19630132806845
-8.232949639766835 27.170670826137695
-8.233269163639084 27.118457330721764
-8.225795200262008 27.05521761485461
-8.171501313256622 27.008277240667024
-8.239931474400361 27.08620193022643
-8.230395910442198 27.048848016212062
-8.34618213707795 26.92957885871012
-8.265519096798382 26.97538438094702
-8.272976807558374 26.993123731585015
-8.326055404561057 26.866853203445228
-8.247673453696542 26.869457114982335
-8.243795174674887 26.924645802502493
-8.300441774659244 26.782271940591773
-8.209294459556512 26.82293945521957
-8.225508924208388 26.80129571190754
-8.288396242822234 26.784506888913985
-8.332508700834895 26.746662560370467
-8.218326847702704 26.696930263828968
-8.254239208075571 26.65152110972691
-8.302083784201653 26.679692296470893
-8.22422901391377 26.631650659153852
-8.360723176423376 26.625577329103635
-8.278416070374105 26.62036192203625
-8.257558216754177 26.5137637161154
-8.280534497316237 26.51850073936831
-8.303619920920708 26.441456631493867
-8.235886151799047 26.398151098257657
-8.2275598758041 26.431237544057524
-8.341118791449295 26.410247674750863
-8.3392751798744 26.3910387646793
-8.30503030329231 26.392070512485397
-8.300249715018516 26.34667972597084
-8.247341563502918 26.40189812925293
-8.233220085791112 26.32813251297378
-8.25066531850173 26.261612263458854
-8.24793641423146 26.293532546219588
-8.240778219254432 26.24137969381548
-8.24744136437608 26.226685745228767
-8.27122271229697 26.201705628827664
-8.285158842081097 26.128811271016517
-8.29956756898425 26.13282934560622
-8.247300686284806 26.176853618217816
-8.315100925598943 26.097034338792522
-8.265450507279123 26.04703993369592
-8.32846451557744 25.997041404269442
-8.273421605759648 25.993906919606033
-8.204489797864403 25.981108104843845
-8.16516976520852 25.936324379981432
-8.209964690267098 25.917327253845546
-8.239675264380145 25.79761496554622
-8.235793135496733 25.81740335467396
-8.213200581500386 25.824379986745846
-8.1999072477807 25.845313237738957
-8.230974242445104 25.82808356704786
-8.235999174133951 25.777894846778374
-8.25963430371081 25.74080053832194
-8.216737679143764 25.639138022372318
-8.211717736214865 25.648303532472504
-8.221335540267532 25.63832351159433
-8.160688921907628 25.559835941957914
-8.229859341010933 25.602789198469303
-8.231143436081567 25.57343605816035
-8.225010600458134 25.558928591218383
-8.142862588137525 25.591228667599733
-8.170457290670983 25.517922942415407
-8.158219780232798 25.5243532237198
-8.184885830788586 25.440617753126762
-8.112853984084383 25.45402126171387
-8.130656431741308 25.43127626638391
-8.10415477790272 25.411772358593133
-8.123763692235507 25.381541825089602
-8.150164100441561 25.359942662900558
-8.153079384684661 25.333240880353213
-8.088347231682148 25.308014491276992
-8.090279519414558 25.338482932208098
-8.121098038683616 25.295205427316997
-8.124039076975212 25.266688044017112
-8.089676619285935 25.23106088656552
-8.097188699336678 25.215914464327856
-8.068805719544239 25.19539012861836
-8.080005266480836 25.13862128252333
-8.00770725971884 25.160075050552337
-8.100427603619051 25.119434177440134
-8.135376817828043 25.045554733019188
-8.084328449623555 25.020898394727485
-8.031985239183452 25.043282538328718
-8.027154787862125 25.078580379389606
-8.064097145086935 25.03300248563782
-8.05762016945349 25.002857303653766
-8.03383977005877 24.99105124151584
-8.040308027738748 24.972080497846452
-8.01711334986624 24.949514811907594
-8.02708945792826 24.91285818652032
-7.99792845764509 24.89931101538408
-8.029071348937151 24.813796384851972
-7.991679029488427 24.81029089377879
-7.9531522312985645 24.856053285235266
-7.978920208516147 24.749837119477736
-7.970780115807214 24.705878318148034
-7.951634794555241 24.76275065503839
-7.924106967943296 24.726786195285065
-7.952278353184113 24.64113516523904
-7.957853096088781 24.626976215351306
-7.871195255587967 24.655809163020976
-7.9188266595279035 24.6652796695841
-7.9433934664037 24.53766132267628
-7.887171092004334 24.528336484249454
-7.953692641855618 24.526338765967047
-7.845874382227104 24.517951664702093
-7.820687676512666 24.443374985416618
-7.824194003462453 24.456626604342922
-7.831948934906174 24.4129874097616
-7.882033203466009 24.398915564293308
-7.849483999494017 24.373924234662542
-7.808413074244467 24.310333129918348
-7.83142160968749 24.226869075236255
-7.770832889683735 24.22639793232751
-7.752994061566158 24.208730555191668
-7.766973977485592 24.15602852252169
-7.766759559270367 24.140735314523834
-7.769365327300575 24.10668925607316
-7.717969429567454 24.089873516408325
-7.761733024678421 24.046190340413027
-7.774806534764559 24.03712665459531
-7.764673090438127 24.051213943742443
-7.734774789105722 24.057565964747702
-7.763122009388256 23.91260438741584
-7.736619243052109 23.94077483215284
-7.76594638953708 23.89907540217553
-7.665488305585954 23.928654975610115
-7.720461426377235 23.840850076428147
-7.734046760973812 23.836515467857765
-7.674031763192467 23.828017477898648
-7.667205739408719 23.816498673607697
-7.687518522114914 23.74199452393519
-7.652730908617678 23.75608441009049
-7.723581886408925 23.749139703714068
-7.643715464212834 23.748618883135176
-7.640112766889644 23.705835140312445
-7.602444180716725 23.67970719994241
-7.656981408534391 23.65547312469672
-7.64299223911957 23.60042012368193
-7.611614385479695 23.602159993162857
-7.581197168284631 23.585886553744434
-7.600694733199846 23.525427503712972
-7.605968042050007 23.471506786039395
-7.574401497271604 23.48000575976856
-7.582209634623456 23.430005167304472
-7.6162490116609805 23.415693870011662
-7.60568433270448 23.393823339033485
-7.589986866836686 23.380895173613485
-7.53280991792726 23.39791099130378
-7.514663463341481 23.361946864917456
-7.517992133155353 23.319738007513354
-7.5082677451247415 23.250971297555733
-7.494431920560455 23.307366202845564
-7.445755060826197 23.240596657754345
-7.439759147971928 23.244445326931046
-7.4349302929659 23.221689679530634
-7.42478394928256 23.14899881294344
-7.423335927214454 23.134184467314917
-7.445487465986538 23.08488454282724
-7.378238883145005 23.0811862630215
-7.367777158353997 23.030040317412237
-7.373590364897301 23.02725105666452
-7.373853378848368 22.973964938816682
-7.317955306017224 22.945123271787256
-7.305813309776027 22.956789278813705
-7.304486440052256 22.91135133630875
-7.234320235865247 22.892827546673697
-7.240661264487375 22.879057402542234
-7.2534989780069585 22.849806939103857
-7.298243648330783 22.803529164215405
-7.228279231081433 22.799670726629273
-7.2733898809539 22.78253809961243
-7.184672705403616 22.740839733744995
-7.209531342515052 22.718559165223862
-7.146528166971176 22.68650203903827
-7.168676106691665 22.644434110880276
-7.151633401942265 22.60944118142041
-7.117037409251856 22.586660276270482
-7.072243009305034 22.564850691661412
-7.060585975325122 22.523904373080416
-7.032326947835594 22.52445302834427
-6.966362024686247 22.528396542553832
-7.018659804684327 22.470174458160095
-7.003453831713899 22.411372078303547
-6.947062701625565 22.39653730667357
-6.987332565628206 22.3891888558376
-6.991435028315378 22.357682137415324
-6.969994584721978 22.421246827209217
-6.933442638976202 22.359763215273066
-6.968848574104197 22.36994642510137
-6.861799375287178 22.334205388044026
-6.87642674490195 22.292520638174718
-6.9596428160238695 22.312957336804917
-6.913005923243475 22.283956325742064
-6.89461517522483 22.257449175042385
-6.886063813447255 22.26293354033889
-6.865843187187501 22.225679063664966
-6.869553201934323 22.18011473811192
-6.8560595658531645 22.17449907006551
-6.839940569198614 22.16733671154621
-6.827788097025659 22.161923235312546
-6.828048465141172 22.11533216608866
-6.780854147730549 22.120664976030657
-6.775552353338579 22.112117663513235
-6.778675348920348 22.073048096247902
-6.750284040994029 22.032884437153633
-6.7039849950203285 22.04741041606264
-6.709720706476466 21.996217947842858
-6.683923589336384 21.991967447641176
-6.688736108502067 21.96605127780995
-6.703488821703568 21.94877558978977
-6.661683003726817 21.939342015271226
-6.641621911522928 21.90247413080718
-6.652126910348564 21.900662138166922
-6.652819267473307 21.895048142498283
-6.5844083561947775 21.879958125464327
-6.602019779949003 21.865173653789917
-6.561179535069654 21.815898494827536
-6.601033822492743 21.809035560861012
-6.555114587239318 21.76500247171281
-6.5181320690906785 21.751034383794508
-6.51893591000027 21.74221591954932
-6.508826066456415 21.69581312003974
-6.4620784250979115 21.627240660277103
-6.440097027471002 21.638943187744786
-6.408518265830103 21.640431356592103
-6.415036863867911 21.575454306031418
-6.387751326805206 21.543456317484544
-6.362469251148722 21.548362337850214
-6.322628469805473 21.544632975814338
-6.320631247820492 21.481514250755104
-6.342377144776668 21.441487710010616
-6.323306505285961 21.472450318083
-6.311617115172686 21.43607930211537
-6.235410932116434 21.442631036692635
-6.240198224100395 21.394042429492558
-6.252834668627363 21.375177081703303
-6.234422870719044 21.34447547108054
-6.2495405351199755 21.311557494217656
-6.203500039151513 21.301288521245112
-6.162601229530468 21.261020658265693
-6.154799861338475 21.2226605713574
-6.0782548689775595 21.237433927677074
-6.071438167085911 21.199564300768444
-6.05736503747039 21.180728825654214
-6.04832981409523 21.16456920932615
-6.036756199493196 21.116882503561826
-6.028214934621545 21.118869287900736
-5.985465737344165 21.051501310024687
-5.979560549335569 21.005669634115826
-5.9402109899273965 21.023708531564843
-5.911617151836956 20.995995572322904
-5.916048474178191 21.00482833542982
-5.893442071657273 20.97310605493063
-5.905011972185628 20.93195951532128
-5.842431184046448 20.977305152263664
-5.861227198623593 20.96870033255604
-5.87574344121905 20.93696199100804
-5.837586284050919 20.924374027517175
-5.798701011917861 20.877982697285976
-5.8136117834818215 20.842869817668053
-5.830446009023008 20.839941037049268
-5.745903620659654 20.856871467414955
-5.7666781848055635 20.835037226997045
-5.735249849188021 20.817951279075075
-5.721913364461471 20.820030139691344
-5.729129263256298 20.78305485687937
-5.706992388160503 20.778965942449215
-5.703179565971479 20.754326408817043
-5.658240869744738 20.777146673904525
-5.655084964165222 20.770969644719493
-5.6391524987022015 20.755970943712008
-5.63386133873375 20.703993319860814
-5.631889185922498 20.69512553125942
-5.584857211093513 20.690475072958456
-5.571039919351979 20.665612988681204
-5.564240757060192 20.673125865426588
-5.551094921982398 20.645917701583915
-5.519680252435057 20.634144985228335
-5.508111615719788 20.611284348953017
-5.5016555832931875 20.58576321563652
-5.451845698743246 20.585218943954242
-5.43847482566196 20.56755944534954
-5.4319246195488216 20.563017802353965
-5.410675577596009 20.54541881797855
-5.385713358025695 20.505903511202025
-5.347130279506518 20.48391561922776
-5.3541336488997615 20.48818592027193
-5.363599255374173 20.47018512791996
-5.328094848645709 20.459029711220186
-5.313194241562433 20.469023358323557
-5.293527244541251 20.43258742673186
-5.285569801295119 20.430282925514224
-5.243473196103505 20.4362551616924
-5.212127216269621 20.440789975464526
-5.224205978308836 20.38650773309059
-5.211379060622649 20.37083662504976
-5.2032177826357495 20.399027965165807
-5.197671932987625 20.353578002606273
-5.1845882157311385 20.356298671796498
-5.162992255669839 20.330719731731204
-5.168168988145295 20.306383119722188
-5.105770825793588 20.311783707698915
-5.086039233247333 20.305001450764543
-5.067559914950226 20.290824010911358
-5.0695115373966795 20.283014843229193
-5.001309472595086 20.275419331004382
-4.998370676747236 20.255231696361907
-4.972858851332736 20.239191578043666
-4.962050921798469 20.194386084386483
-4.924675709339858 20.214911949552743
-4.927097189379003 20.134519587075385
-4.8948147654612875 20.107053950809394
-4.838556125017413 20.14571493897909
-4.842971950384818 20.093583488987537
-4.8370035219770084 20.099838144637776
-4.772945117522635 20.07704411833575
-4.763545351979117 20.059148587461046
-4.74550229846036 20.03528027938749
-4.727230290640368 20.033556568371147
-4.685188746996472 20.01946505038191
-4.681444226930336 19.93226053473761
-4.6663171782011394 19.93440158820629
-4.646914369290184 19.896858693114478
-4.613282474011146 19.922188055266915
-4.616034257056737 19.86476389069118
-4.572066756714466 19.875752397934992
-4.5345721219418955 19.859992302299172
-4.510204900460775 19.832925330417673
-4.535110358719845 19.838037037718653
-4.515907314517081 19.818394511124254
-4.479118406395493 19.7985549421524
-4.463750040285098 19.79840574843306
-4.47137516327009 19.76557594493338
-4.45752052517096 19.758140437700405
-4.457867527737154 19.741820499873405
-4.43230158612559 19.723886765195918
-4.426554877092892 19.732354280011048
-4.373962891566313 19.72969026519388
-4.346632338396139 19.72290968422677
-4.332626077178074 19.722608660299834
-4.307177019340331 19.701885041290147
-4.31572052889535 19.656526270899363
-4.289780135158017 19.642232071304296
-4.277003983554167 19.620595496802967
-4.253789544703359 19.614668431354637
-4.22198916336385 19.601982290865923
-4.20769240607525 19.59488960011333
-4.186457606599655 19.567518201424978
-4.171077417728012 19.550315948189454
-4.158252620529354 19.514280309987026
-4.101422062511285 19.541259581055225
-4.087372986479924 19.522448454796095
-4.0941785189925985 19.485456807059567
-4.060717496567352 19.479715945502132
-4.032592723906396 19.431723022378875
-3.9734231446688524 19.40673982482454
-3.917768697289633 19.387561587188976
-3.8794678323483276 19.372650022681224
-3.8784750870171263 19.36473317812205
-3.840166307024413 19.35044466781654
-3.8266080156113165 19.321198535910927
-3.800693831488835 19.295773755344598
-3.7644615234580536 19.286598009198887
-3.7560719379846783 19.28988563688586
-3.7241428090702944 19.294541832399794
-3.666689344769226 19.287571606492563
-3.6596345722597743 19.23729456955658
-3.654359298476322 19.22271988730041
-3.640815218110709 19.217000581853316
-3.611958858761742 19.25945054841742
-3.633612041034643 19.243960018553484
-3.6234031193750655 19.221963345949735
-3.6083460096345537 19.196424242790936
-3.5825469735781197 19.245469638148883
-3.6007355520016273 19.203788916612336
-3.538867319159181 19.214092169181892
-3.559321069750435 19.170824670492085
-3.5342024940325074 19.193948917787353
-3.523429170721051 19.195735572034597
-3.5285989873579893 19.205086628659966
-3.4723895561332516 19.20907301966075
-3.4530129649472223 19.182537404129565
-3.4518904458944357 19.17105203373744
-3.4537554111426765 19.165118575293867
-3.4323619757117316 19.156701414330783
-3.4129904890230947 19.148695768444277
-3.427119597886661 19.158638945663277
-3.397296746102317 19.144656995106775
-3.3933357238934465 19.14505262656117
-3.371932680576975 19.148178107973834
-3.3382953549568244 19.150539568774843
-3.3130455349446004 19.130551765427924
-3.328955094425723 19.1354177573514
-3.322316357920181 19.10942912589623
-3.2983334795741595 19.114763801951295
-3.2871739930619484 19.118589360653534
-3.31205304981543 19.08915939059962
-3.303295979121944 19.101533961870224
-3.3032720780245506 19.092275451955505
-3.2970391014162987 19.091305969992323
-3.2698723111363734 19.103533092031455
-3.256617566408024 19.10510926331381
-3.2779498017440067 19.08073136600104
-3.284757312107116 19.03879921977984
-3.2917123862242654 19.086817253076745
-3.255197736919783 19.086509699033847
-3.2649768815068225 19.090388533086728
-3.230023805074259 19.083902024193897
-3.230419070128501 19.08793593289382
-3.2329677600488704 19.055463733346357
-3.229676030600313 19.0515038992779
-3.2121959803004483 19.09582835378349
-3.203138220279576 19.069440337070066
-3.1906817071930185 19.061999603397904
-3.1753127985569685 19.080043648044725
-3.174807080965219 19.051841098253885
-3.147661732485538 19.02613896916753
-3.125490373306878 19.01970615556274
-3.0928334068202896 18.99910666679701
-3.094629793861206 19.002947092353747
-3.075073623834092 19.01066186200726
-3.030870285117572 18.994755356150513
-3.007674570344006 18.98627193668164
-2.9589749417790765 18.93390319374008
-2.9377216985476005 18.930844702356534
-2.9119588233042233 18.91451851740088
-2.8866874424679945 18.936763001530913
-2.858091361933966 18.902319566944865
-2.8243970673027 18.898015512428067
-2.815284495874726 18.893610998494015
-2.817721727958621 18.881797284604932
-2.780707164641389 18.88346801189909
-2.7473511152156456 18.85973546951361
-2.7287811194033527 18.849658070094222
-2.713264898328876 18.8512490613805
-2.68540368186564 18.830496873747727
-2.66614367891098 18.824743956976317
-2.6449673975696184 18.831284869772645
-2.6285919987267103 18.82291161020745
-2.5896130230837286 18.816229904804096
-2.587786062369971 18.812644137688928
-2.5713824870958915 18.7945976481542
-2.5503930858495365 18.77801663651169
-2.5383459916788715 18.788652721817538
-2.517248565800121 18.79576742498312
-2.464901874096226 18.778534926522276
-2.464552978318899 18.76883685076017
-2.469184314692259 18.738316244017685
-2.451470413577882 18.748748009076294
-2.430754117193663 18.767226171898596
-2.414239636653667 18.769787534643427
-2.415434626606934 18.748640334726705
-2.4136189162647814 18.74723182520939
-2.3968962311985114 18.755854436512138
-2.3795938346322387 18.745127924174334
-2.3580760380034733 18.718437837309473
-2.3428798490660325 18.729209286846892
-2.3429218160770633 18.721663063153606
-2.343392548513188 18.71841855901771
-2.318052534474521 18.71650529543893
-2.3126772807712204 18.71638860378984
-2.284028902081763 18.73334793469259
-2.2742170638500303 18.730083881918652
-2.2525994765273967 18.7277021375047
-2.225426322751207 18.724516857930137
-2.195468052577312 18.72656504972014
-2.178424010651958 18.704174711919187
-2.152759144352504 18.674816643746194
-2.140486572761279 18.671146868380138
-2.1010970098829658 18.671142425969798
-2.075286992690559 18.648071534964227
-2.0358903082062554 18.660565664895778
-2.0293278200389406 18.6789126970757
-2.0335854346669144 18.658300924406706
-2.010619237014481 18.646029314339568
-1.9937391320352151 18.636191459139265
-1.957808485602265 18.63863908206336
-1.923326358041444 18.645885590994318
-1.9057931331596216 18.628288827471124
-1.8974438626514187 18.636129708542253
-1.8889821078925815 18.63735478737441
-1.8445124852420758 18.62922287853311
-1.853111409572134 18.630224577554944
-1.8374677751502824 18.658602012225593
-1.8223758524687648 18.619471679751342
-1.797678670220382 18.65084128775701
-1.7915818345519083 18.641917107420554
-1.7550955838608364 18.62489164607478
-1.7693354253562976 18.596733699483334
-1.7215623457333304 18.625259009318253
-1.7196428603865876 18.62613792788963
-1.6934979480171506 18.628255747818187
-1.648676568905425 18.61588108020941
-1.6326814509980818 18.59974994250884
-1.6118981249265374 18.617748762446205
-1.579720597567635 18.608089059150263
-1.5810526846585393 18.560114368445948
-1.5228166904244178 18.576290178279415
-1.4750327635684006 18.579586695939387
-1.4516092736404462 18.580430419148772
-1.4031160360403188 18.57547287153355
-1.3686290729479162 18.598009921544094
-1.3563646823641804 18.565758037133634
-1.30558207439322 18.57003358533248
-1.2749023729402418 18.56972956115122
-1.2399512418656766 18.57279161684464
-1.2340975105952323 18.560954105394423
-1.210991919658165 18.54114600939577
-1.1967178641734906 18.562961932430348
-1.1482782311716673 18.54691527724842
-1.1356040236559513 18.525361299756455
-1.089410405409839 18.519764884268415
-1.0571532949350106 18.52646555995117
-1.0373375998531706 18.5305624520389
-1.0645763406055617 18.51746732650498
-1.0226389355020535 18.5157045762077
-1.003820818312242 18.518056081124435
-0.9894489386681884 18.505593068422037
-0.9817564230659163 18.520712467879235
-0.9708695199989124 18.534023546667047
-0.9663214891215288 18.54547656967262
-0.9579294639275164 18.540478571069574
-0.9649288808391853 18.538265968493985
-0.9490275730210412 18.50354257894346
-0.9429903655768025 18.501165998098557
-0.9284348563035348 18.531432597237508
-0.9375361492937387 18.512484533801505
-0.9277476239637109 18.508709597896157
-0.936697570230874 18.51397238927591
-0.9004534811332324 18.52144822912574
-0.9266744915983162 18.52953619772551
-0.9067152416360036 18.50949753059477
-0.9131781674491491 18.498117668282624
-0.9039167373507874 18.48431692959156
-0.8918082701468771 18.484134557828217
-0.8917785286602643 18.508747181670273
-0.8650633371738646 18.49570536209492
-0.8342803478769107 18.517742264003303
-0.818512185545009 18.50171119812764
-0.8067499164289073 18.52208154081726
-0.7944610468549028 18.52672823609968
-0.7728063980165121 18.52048476598651
-0.746222683560437 18.523395589273402
-0.7541647814854386 18.524565025527103
-0.7370066457581235 18.490733331295814
-0.7323179768362149 18.498088670765117
-0.707060081178749 18.521252595989615
-0.6941882947299045 18.529339085900464
-0.7007221965011989 18.530286156795935
-0.697780503111193 18.52120677293014
-0.6903863863484828 18.502242610647478
-0.6890062076130157 18.491383751708756
-0.689870636016258 18.497531256216526
-0.6871237406086751 18.49695368125077
-0.6794181395558413 18.513993754287768
-0.6714042864136178 18.497272576019707
-0.679210720901559 18.485549797087373
-0.6839134850646442 18.511528756587392
-0.675189918515039 18.505570551397266
-0.6761762846781009 18.488634276912286
-0.6835170603558778 18.482199823973584
-0.6806188406343671 18.5019742255827
-0.6762473638909817 18.489817487168686
-0.6782584310138355 18.497379276833488
-0.6743081491847498 18.49818122765819
-0.6891540479439555 18.502333493746605
-0.6782598779956232 18.49075416277503
-0.6608441348897955 18.50205299264678
-0.6459467770199534 18.506086129911196
-0.6391301556524587 18.506585385851672
-0.6226695537479381 18.511359277446452
-0.6130969522466247 18.478762519275243
-0.6046169942530697 18.48390060025073
-0.5763214891843838 18.508282160116195
-0.5679206834556463 18.487464140607774
-0.5594414589516666 18.506414922239006
-0.5267103610892507 18.52921214812433
-0.5041246242798608 18.52377360586699
-0.4809733573039434 18.511734947586106
-0.4531233178489657 18.485103180533123
-0.4511806718089689 18.50025699241615
-0.4454741957239861 18.498728627035625
-0.4318138061667169 18.478403318089978
-0.3825420792427365 18.469097968153303
-0.40180345473040885 18.491649900447783
-0.3393919057881211 18.47788313708713
-0.33401069723224575 18.469289940744765
-0.33720302843961597 18.478464635927452
-0.32885715523378 18.467471670493765
-0.32565739647144815 18.4628010404904
-0.3170488095051228 18.47479043519892
-0.29100263370322976 18.480897187469004
-0.29075966252764107 18.480200343595463
-0.2987772397401077 18.501101006790083
-0.3120350355705649 18.51841387932299
-0.2948239584702068 18.517465651695815
-0.26427876995731187 18.48091872042463
-0.27356908721894113 18.485741554352202
-0.2861505186740812 18.495921031324386
-0.30327499496963833 18.487294160975605
-0.28312638283030406 18.49926881459173
-0.26983180767764336 18.524793861418246
