0.3678373580509131 18.652916380092286
0.3720941442298763 18.653973067608664
0.38528184334704885 18.653944523485706
0.3939104946855404 18.653944523485706
0.3991430160247197 18.650015395135703
0.3991430160247197 18.63982140481871
0.3941491039929107 18.63982140481871
0.3941491039929107 18.648649423891314
0.3953030455483605 18.655084356539714
0.4172361220880981 18.655084356539714
0.4361522830448539 18.648215086919215
0.4484364445929568 18.642102346302387
0.45887057899777306 18.63711981180752
0.45901410747331184 18.64395241630403
0.45901410747331184 18.64666797904977
0.45901410747331184 18.651891979668964
0.45599774703304163 18.651891979668964
0.46125670085388404 18.65051275452695
0.45926124019494297 18.645316827856135
0.46921253236949134 18.64039086654627
0.47326748981132566 18.639380433831477
0.4734281368492271 18.632426842928083
0.48047770094243525 18.632370418205227
0.47387723627109335 18.632370418205227
0.47387723627109335 18.636504199311872
0.47330174650204426 18.638611671615497
0.47330174650204426 18.64169101255608
0.4811999940084313 18.642179992908616
0.49516746147751073 18.642336241638283
0.49619008881108934 18.642336241638283
0.5030204707622721 18.641089535980733
0.5053707655398827 18.644646874407123
0.49854038358870006 18.6496404282884
0.4977031658420058 18.6496404282884
0.48792086559505965 18.650248866084755
0.4855647544090881 18.641817554811787
0.48792086559505965 18.64120459164189
0.4948818674596083 18.641817554811787
0.5174406468020891 18.64205172603767
0.5425606718934407 18.643775978999447
0.554860506403564 18.648075118364652
0.588228928066382 18.643775978999447
0.6279655795384613 18.64867416347604
0.6480030803667832 18.642389195823775
0.658994973940816 18.6361586670618
0.6591401109462356 18.63543441975977
0.6591401109462356 18.63543441975977
0.6737472195312786 18.64169596770108
0.6965119385695018 18.643980295904427
0.7001641593094994 18.648387508102687
0.7041340533012782 18.646110983933987
0.7041340533012782 18.646110983933987
0.7054581418416048 18.6450467181702
0.7054581418416048 18.6450467181702
0.7056730008511107 18.639093156906217
0.7068244718429326 18.63923143952438
0.7068244718429326 18.641601386775086
0.70784501591114 18.638999571004298
0.7175515407500448 18.643007155469984
0.7305927361693334 18.643007155469984
0.735413453002538 18.635066053488003
0.7421056318693506 18.629264417224213
0.7505769389385358 18.629264417224213
0.753726956776923 18.630379034357496
0.7639524784626048 18.631023517297855
0.776218362356111 18.634483083954095
0.7895796044709875 18.631023517297855
0.8124646191696766 18.634483083954095
0.83046899096455 18.63667032929026
0.8423604069491542 18.636794318730846
0.8508661296728988 18.636794318730846
0.8719174381748087 18.636794318730846
0.897959561063204 18.637594929034243
0.9224145849257543 18.634967717457446
0.9351832078750584 18.634967717457446
0.9357655069446822 18.62793597703893
0.9320134149266637 18.622035765520007
0.9320134149266637 18.622035765520007
0.9353102101328643 18.626078983122557
0.9437005525830503 18.63192379737008
0.9529687082798504 18.637002403738443
0.9577813147172174 18.63192379737008
0.9633349232401287 18.63037144406657
0.9621146261859526 18.63240525098344
0.9604830634638949 18.628809687098787
0.9539468050335934 18.62037088190612
0.9539468050335934 18.62468437525964
0.9551841494317044 18.616574520467744
0.9551841494317044 18.612539110017064
0.955134084698926 18.616574520467744
0.955134084698926 18.61806476092402
0.9617011499153565 18.621151576558468
0.9805815237248935 18.626569282844038
1.0012131451524697 18.633140292737572
1.0251302874977344 18.633140292737572
1.041264012526249 18.63259501894572
1.0555656476550188 18.63370475490312
1.071595636270722 18.62992767424405
1.0861454440577791 18.62992767424405
1.087786302189665 18.635268905313062
1.100910576700159 18.6331151026033
1.1071751599669728 18.641035601909927
1.1075851121708795 18.641035601909927
1.114215079920706 18.6420749282813
1.1281446977684062 18.637827751665156
1.1462448553639848 18.627648511566246
1.1546423789654858 18.623780163932516
1.1700745195047084 18.623780163932516
1.197038745945441 18.628283366724823
1.2128156634812282 18.64308371772932
1.2218861179240226 18.664246672845785
1.2350394802783433 18.67964052414017
1.2619439062074895 18.67964052414017
1.295673581204344 18.68006027323919
1.3149227207982048 18.677405678969183
1.3251973500939316 18.677405678969183
1.342011628172948 18.677405678969183
1.3647022369412976 18.67984396372374
1.384333058105769 18.68524065962506
1.3987695703035792 18.68524065962506
1.4198396884252096 18.690070052984304
1.44533724633618 18.69900819226982
1.4598008498479649 18.706068617753175
1.4666451290068765 18.70936805718093
1.4709795435062207 18.71192183035936
1.4785735988881143 18.70936805718093
1.4850496715415908 18.71166341117555
1.486919594153564 18.70720682504269
1.494747874748994 18.700184295125247
1.494747874748994 18.70556370539473
1.4965599695383278 18.712293920212637
1.4965599695383278 18.720246803111507
1.5007600806539076 18.72087898191544
1.50553649498715 18.71627214329171
1.5100184784922432 18.71507912007897
1.5186383251930886 18.71627214329171
1.525759700399281 18.71794334632095
1.5293589822995952 18.71933855646565
1.5360195412903725 18.727023430580104
1.5324202593900584 18.727566642537877
1.535581651045126 18.737472502032176
1.5296798098139814 18.737472502032176
1.5296798098139814 18.73638233895096
1.5440774367812724 18.73638233895096
1.5585407244580733 18.744485577529396
1.5764188643684052 18.744733857797428
1.593762966525341 18.751785917402785
1.596269030300813 18.752389462951488
1.6083020584023453 18.747584283386473
1.620514182109444 18.746950791767265
1.6238837801672754 18.747584283386473
1.6266171101377416 18.7446461118178
1.6418285262002037 18.745595018945544
1.6628780354566373 18.74913684032667
1.6707788784566309 18.75024245486251
1.6808933812424405 18.753895053716164
1.69385911621765 18.75241423579454
1.6978991439267879 18.749882710481643
1.704145243696542 18.75741431847623
1.7119285002583342 18.759561213268604
1.7254587538618056 18.773587129129183
1.7356757702319188 18.773587129129183
1.7383712706325452 18.77244510827577
1.743128892168906 18.771008607369936
1.7457153676164467 18.771703297609463
1.7479299771378138 18.77585768822191
1.7479299771378138 18.78195906815696
1.7493326477684341 18.78195906815696
1.7611586915784745 18.787928369321655
1.7729109188522039 18.785355793007128
1.777205324113421 18.785355793007128
1.7871375341059066 18.785355793007128
1.7957335380872124 18.785088533404384
1.800022974346068 18.78495248505783
1.8053316297298836 18.78495248505783
1.8119107655583937 18.799659833391445
1.817124623415422 18.806666321522723
1.8208107979685706 18.806666321522723
1.8300507914524524 18.799697289786995
1.8302590013460047 18.789163279188735
1.8399087693463476 18.784258094693477
1.8315421380491101 18.784258094693477
1.8315421380491101 18.796502785991386
1.8434144934565584 18.807675439681077
1.8479470099460356 18.807675439681077
1.8591531946085098 18.805285475301197
1.8736712520979522 18.802375577057536
1.8954159284852459 18.802375577057536
1.9102402987697824 18.80367620266567
1.9116915793697535 18.80390343975793
1.9146526746530572 18.80390343975793
1.918510831100253 18.79682069355579
1.9298399957224415 18.79682069355579
1.9529882404467542 18.804875885226643
1.9873690332612113 18.821187856034108
1.9980970747201945 18.821187856034108
2.002907016393702 18.820962753707633
2.0122442069885897 18.820962753707633
2.022595705289632 18.82213801066173
2.033801230288886 18.825232020958367
2.0512944488655815 18.828807083211828
2.06069113903857 18.832713782256278
2.0621078378584783 18.846562700016158
2.0755435769067394 18.859695576024816
2.089614205945968 18.859695576024816
2.094945911604105 18.856358846599235
2.1006729985311883 18.85154056549363
2.116216753537309 18.850989849778735
2.152526350411306 18.850989849778735
2.177423113944646 18.850989849778735
2.179172671955833 18.8511352541479
2.186830547908609 18.8534387993817
2.1872533896606523 18.859894939099167
2.2092782855323376 18.869776500030817
2.227969967520248 18.873789653193867
2.239284126989241 18.87671896043448
2.2543208490450386 18.876372145604925
2.2646650172922564 18.87925641381221
2.2722058327958834 18.88779450222942
2.298041221690174 18.892491263547207
2.3206438342214026 18.892491263547207
2.330639698348967 18.892491263547207
2.346058540937759 18.89527103128145
2.3556752003699444 18.90483730033501
2.370493812681475 18.90966645570955
2.394062620170134 18.91282397731419
2.4248011424009777 18.92429781668003
2.459730556303086 18.939835357681346
2.4805393042688317 18.949686378893205
2.491378694093509 18.954931510468235
2.510348704899245 18.95715510085064
2.53637724822664 18.95819004351469
2.555565716300171 18.96229513929188
2.574517962624188 18.971713696320386
2.587853789460838 18.971713696320386
2.6146651756615356 18.967698817816938
2.6427425617297047 18.98235192185348
2.655235042983418 18.983656125118674
2.67230575233816 18.990838383157026
2.683192924092613 19.000391581629344
2.7041295118031727 19.002634584555373
2.7228977789614257 19.002634584555373
2.730134053520069 19.009173995301886
2.7408965605791042 19.015721172688707
2.7499308459689455 19.018557747443392
2.753532979422676 19.020876188740605
2.762137519171304 19.031664324008762
2.778503865990266 19.039130767806153
2.796604415105696 19.0443215354636
2.8163663771256804 19.0443215354636
2.829685265685993 19.046253909443315
2.833798830782836 19.056102756701815
2.8447401479790244 19.07031997425159
2.8607117308551455 19.07799741473241
2.8762786279137806 19.091855190995894
2.8931546756856084 19.10922369714452
2.908878760636246 19.118543915503466
2.9342136884851513 19.129479525730456
2.9620996598168796 19.13355093102083
2.9756487582717015 19.13880625105203
2.98687801476152 19.13355093102083
3.0020782503499275 19.13431020317502
3.0215979167742564 19.139565523206223
3.0512349490984225 19.140700352733077
3.0779053816998183 19.14506848809159
3.0973951509189073 19.14737295310791
3.1122074377696176 19.14689359817407
3.1266035710910485 19.14761864612511
3.152095723473077 19.152853807899277
3.1813219071634853 19.17158878361342
3.2026335041049965 19.18838658765783
3.2128161254111145 19.19221553532026
3.2140393316797544 19.194437350738355
3.226686402308062 19.19826450528473
3.238433445334697 19.19826450528473
3.252440781770438 19.198332187329456
3.2726875583513664 19.19527910970387
3.2813439897084544 19.19527910970387
3.2994773829580213 19.203631422517194
3.313071926443172 19.220133662726084
3.3173673339510277 19.230688885026087
3.317040712334427 19.23342118467786
3.322453767466799 19.236240667028074
3.339636366347577 19.239601892688547
3.3572573519433897 19.239601892688547
3.3660964701656457 19.239601892688547
3.3769628442931965 19.243506786114047
3.3853207249447475 19.246244518537093
3.3875727349563824 19.262298920888632
3.400733088667862 19.26854176574733
3.420766233423822 19.270439017946945
3.422245342635815 19.26715628855213
3.4330376700226717 19.26715628855213
3.4451720216727075 19.287898901419116
3.4521240629025085 19.301072920096985
3.4607585069641784 19.304582064761274
3.4794816331135756 19.307991325572843
3.4952745100363094 19.314961670128532
3.503863761008823 19.324465835900654
3.5089925771302144 19.33000833790416
3.5089925771302144 19.333331319577272
3.5157699222388326 19.342609767159082
3.5157699222388326 19.339251636729728
3.5209458258656037 19.346702196903166
3.517702747856969 19.33265883988551
3.513581304545367 19.33265883988551
3.518102682349911 19.344515635733714
3.5169894862920357 19.338651304677942
3.522479047409933 19.354309052497815
3.526831851039131 19.338950467552607
3.5360390487508004 19.341130377407058
3.549141529162091 19.349210391556035
3.5544677069608994 19.349210391556035
3.5544677069608994 19.35755893197385
3.555889737473103 19.365391572356224
3.5538664744167128 19.365707843175745
3.554850734291791 19.37319788026422
3.56785006216037 19.36984938299836
3.5814578743839216 19.37903198587265
3.5840102238310805 19.37903198587265
3.588949410362089 19.368604826548417
3.5912573756801573 19.35912161105822
3.5940985648045696 19.353678693084362
3.6015583314328703 19.349737565665567
3.6118370256307304 19.349737565665567
3.623675990575176 19.372828872316525
3.6334649344020216 19.4026181149265
3.644746520631306 19.406939145329247
3.66489839678617 19.40951571191287
3.6675510755351386 19.424439270302685
3.6689718261752997 19.4353763280997
3.6857139231793643 19.441738640380763
3.7024743231253794 19.45569001775002
3.7129988276104884 19.468050515116268
3.7228135445620296 19.471833461979138
3.7289576498739514 19.48121394734364
3.749107580543143 19.49088642347354
3.7749409537971035 19.49418612108452
3.7917221973228843 19.513380031808246
3.8006708186556195 19.530197136068885
3.80516370527668 19.531005460924014
3.8266705271236297 19.53224663089358
3.859193025054371 19.536354193881074
3.8756018698601338 19.547807384914645
3.8811023592572296 19.555818935943357
3.892321181423166 19.563470385820047
3.88205148741448 19.559797145550444
3.8962187713764065 19.56711523742007
3.9145830088379614 19.584195868713582
3.935201702879752 19.60153507067888
3.960528286639584 19.608151023878783
3.9688230490673204 19.62341492471857
3.994571774641221 19.636332304025167
4.014933711022426 19.63830333617092
4.023167002190102 19.639690413147186
4.039111109861471 19.642342386360916
4.039955204033124 19.653172565278727
4.052383786562835 19.667865522697653
4.0711639333430565 19.681424359816305
4.10184249044033 19.70632311273726
4.126033840190987 19.720154044237674
4.141471223081274 19.721860638479974
4.159530627127644 19.726082427056255
4.176337103873952 19.742699491590535
4.192570276169782 19.76193706892498
4.214411761723037 19.775647941132178
4.2287707550050255 19.775647941132178
4.234752590256067 19.790076710941598
4.261757752585545 19.790076710941598
4.292460700634713 19.80464153846771
4.298406814876737 19.83263280463253
4.307384713045229 19.853406409362496
4.328411114627675 19.853406409362496
4.355457847941667 19.849425161990368
4.3755808411760935 19.852044553884937
4.4023341105831655 19.86020826504894
4.434908743059162 19.87558656849731
4.451595727807878 19.890274914593345
4.4570178841127985 19.887650926923946
4.498796634406771 19.902917551442446
4.559533483999528 19.916338728750652
4.57819637444052 19.93541664870545
4.581196943640284 19.953194782970805
4.588357422946581 19.96764987672009
4.603068783822582 19.97535487071817
4.639663327620934 19.980789665597513
4.685478644124981 19.980789665597513
4.715075698351001 19.985626699842236
4.737278982685088 20.025662010683508
4.760459203033048 20.070191456595076
4.7720263075807505 20.079090944111233
4.79456617229485 20.097062659548648
4.8215763779014225 20.12496715894641
4.834853630936043 20.145013390337972
4.8662297919301 20.15106167971046
4.903504156547007 20.154118878164518
4.922697735416953 20.157175468648386
4.953882985743247 20.172465803204723
4.986046894826449 20.184355668883427
4.995097915546722 20.191210186778385
5.023974700202681 20.209078692430253
5.062498270278851 20.221639979791597
5.083401305180309 20.231365288093663
5.098831111747739 20.261686765872682
5.098831111747739 20.309843800789544
5.132664899310443 20.32558427377827
5.1721032442005805 20.339336587497208
5.210010862342602 20.339614553155364
5.240852797369342 20.361553534311398
5.253871572946288 20.382008773507923
5.277536760299392 20.387829473822155
5.2929868475077955 20.40256284471017
5.299255179845007 20.407575425358765
5.322599675684888 20.409737644349107
5.343666672857632 20.415853164944764
5.371811294502193 20.425896928107072
5.407305484259824 20.46325401685935
5.422416838632022 20.479679175048396
5.434735172356479 20.51128229353523
5.463895848839937 20.5515770443049
5.493017653271934 20.55789769907812
5.505455754955138 20.577145242878473
5.525948867649571 20.590192686400094
5.557258629361856 20.605838886277816
5.57719791408632 20.6217524240735
5.5843387252866155 20.6217524240735
5.597035555386768 20.63687303425686
5.607289760899548 20.659429587636296
5.626938061379347 20.687271012827857
5.639956197753693 20.7109598352855
5.649905224020253 20.7109598352855
5.656587348182424 20.706310851589095
5.659055285493466 20.712720797457212
5.666671067275766 20.712720797457212
5.6679605426848045 20.732524166348888
5.669162672682085 20.74895851498079
5.702509150411688 20.788902755777
5.741698465273149 20.82550960020544
5.7551321062599 20.832100056329836
5.761772220629961 20.834499713353594
5.779883052687191 20.85635511409079
5.807251248826239 20.88441826733291
5.8258272264087 20.898908694525836
5.848914735640264 20.907490972426352
5.866435027929285 20.919879636803884
5.886181280623029 20.953526244789835
5.913065713963148 20.977561509189037
5.925686064620658 20.986402847230295
5.9257469812733765 20.99519204455933
5.942062573185122 21.010236514213098
5.97861579832154 21.023648167597216
5.9860361459572005 21.03864776036388
5.993122554278184 21.05602651547718
5.990638852774781 21.081451878612953
5.990638852774781 21.09717225759357
6.002297403773738 21.09717225759357
6.03358919901126 21.095563676132876
6.066095572264729 21.095563676132876
6.083764726211699 21.114554038328347
6.083764726211699 21.137019225613734
6.092293118849982 21.14312469578353
6.095258258715359 21.168825597984522
6.095258258715359 21.194854202452866
6.1012570441544 21.205636924451753
6.109963830809248 21.20675249833412
6.12540732704027 21.221696540962505
6.140371893879042 21.241311516344528
6.151994802298353 21.241311516344528
6.161811299476774 21.271638538014287
6.185558047894674 21.293910276563377
6.222717688464478 21.305033464774265
6.25187316490141 21.324735681730097
6.272007067431301 21.34322267092155
6.284491684712886 21.360975417588747
6.292464913889411 21.360975417588747
6.318503301431314 21.37543306231108
6.328658370016124 21.37543306231108
6.341882149626665 21.4045283264403
6.349516222637671 21.429988266833256
6.357918870428724 21.435580836554358
6.365583024429809 21.43753667047129
6.374762404867996 21.447879483718182
6.382591539418299 21.460906531685207
6.385444248135265 21.474478985422344
6.390080963373537 21.485435149326115
6.410565737558666 21.492583137474963
6.4401505093476565 21.511693525175644
6.4401505093476565 21.54667808535834
6.4492146697016945 21.577527057229428
6.459383727154246 21.590432686308787
6.481430422128925 21.597343697088835
6.494079164122857 21.605988022026054
6.494079164122857 21.618184745943246
6.494079164122857 21.645049381335127
6.51134681466389 21.665495257332942
6.5310682155074815 21.682807202526007
6.540255011996235 21.69258503104033
6.545267135422636 21.70270505779734
6.5745606694293794 21.71525404294851
6.601143544853378 21.735685752531253
6.610503891562414 21.746158181072587
6.613945560308748 21.74301756463541
6.624617284486138 21.759610836501007
6.631618941087723 21.76500314745659
6.634970081520766 21.788619783377428
6.634970081520766 21.797970512810792
6.639619922282353 21.809929717720507
6.644585807312723 21.81479302812934
6.655780390284812 21.81570053046312
6.663811182311482 21.81570053046312
6.672287103567173 21.847842006854236
6.676942786375188 21.878978443448787
6.681548788608692 21.883638946163117
6.692250705750766 21.892137520401626
6.700846791711493 21.89527062682464
6.718108314405554 21.915411126397842
6.744491557149811 21.920765989147917
6.747772557772192 21.939852412679112
6.748805231171961 21.95222892408309
6.741695406622053 21.980012896839956
6.741695406622053 21.980012896839956
6.756568061693983 21.975172673239868
6.794024723878223 21.983475242039688
6.823751867918865 21.999591346764305
6.838885011876295 22.040693937895973
6.838885011876295 22.06276973768359
6.833780916813173 22.089402934110677
6.833780916813173 22.093846748867854
6.848006420983943 22.101875229206485
6.857600102877415 22.10415779441093
6.8640626872981105 22.10415779441093
6.8640626872981105 22.12543348884021
6.871486336605434 22.156203363210565
6.877708636327955 22.18070154517613
6.904566999364319 22.1957742278893
6.904803611033216 22.209983056479693
6.932218528894433 22.2296230921754
6.938325982474233 22.24441783695561
6.946840152829667 22.259580065039284
6.9563945406708845 22.279855652238393
6.972362319206289 22.30921006884003
7.004285648538125 22.328545892668053
7.005841710916588 22.340855458003844
7.005841710916588 22.358543371594386
7.010444437129491 22.3735522757043
7.003217982378374 22.3735522757043
7.013470127013909 22.393651640369107
7.037797108282334 22.433817778966706
7.072254462291889 22.463529455363116
7.090746581836713 22.496371627937947
7.097568182561012 22.535332198190197
7.107146504225236 22.54329987214762
7.121405063114683 22.54329987214762
7.127606111309536 22.557490861986558
7.133999716993632 22.577455657011804
7.152805654235516 22.621303465890026
7.1798014161623875 22.64409026715864
7.221468729374603 22.66936875666264
7.260265213214419 22.671831813664213
7.269398611047594 22.698889723088673
7.275899756384184 22.725766727916614
7.29573288839868 22.793313560632654
7.308372380310777 22.806131257231442
7.311885126929209 22.81833691696061
7.311885126929209 22.821168854528015
7.310721195340034 22.83321167350062
7.317697648010828 22.837739619147897
7.318090538341529 22.850337924783112
7.335280818444006 22.853984153446312
7.335280818444006 22.870831742867765
7.332369891014798 22.870831742867765
7.3460101434202665 22.87221916025439
7.359304295301039 22.87926634741428
7.36053676832625 22.88597188689965
7.39769015018239 22.88597188689965
7.39769015018239 22.88006279646142
7.412432037159951 22.870209573573113
7.412432037159951 22.870209573573113
7.409175800259112 22.901350264546824
7.401336003671773 22.915711978473013
7.384936770940208 22.923025732897923
7.384936770940208 22.91768414585483
7.384936770940208 22.911217959881128
7.388030212448318 22.913433064844845
7.410074385085249 22.913433064844845
7.426007065191562 22.92549731623632
7.429333838740181 22.942588733836367
7.430524714592735 22.951983942126922
7.438483299741499 22.953424546769277
7.45456061501592 22.97528891393439
7.464033661058277 23.002862736613405
7.464033661058277 23.016447698990486
7.475644441466089 23.022633552315547
7.445353072409773 23.03143097172078
7.459944483065367 23.058340404568533
7.4902358521216845 23.076624165179922
7.495902441969287 23.083617127751047
7.507566058111454 23.10903157974328
7.50960266295472 23.13172497457282
7.521969649650603 23.150571927410347
7.529761682131905 23.179389598345722
7.535155969174606 23.20931534367974
7.5501522876944644 23.237361460149884
7.5672340425197815 23.26254317389032
7.578277291655774 23.27677663824548
7.5972285863738644 23.286441366014103
7.5972285863738644 23.314508581007466
7.613405833471838 23.353124426400004
7.621094696813486 23.385771122593738
7.626220500743546 23.404007974758258
7.634893238413817 23.41777108874539
7.69575152172394 23.433627606051424
7.740396629312238 23.455092875078115
7.740396629312238 23.498359813074487
7.715676708509357 23.52861281449237
7.714508033373912 23.52861281449237
7.714508033373912 23.52604864626839
7.718600964367157 23.531802486885702
7.729714113982904 23.531802486885702
7.722269939550336 23.55383271552745
7.722269939550336 23.56885742281503
7.767261237494266 23.57503588953356
7.823474831308003 23.594496508828325
7.823474831308003 23.620056720425534
7.8162163066872505 23.633859065276752
7.796222486224446 23.64932595049432
7.796222486224446 23.668793458887496
7.796222486224446 23.678015455494688
7.794007512684996 23.699119439249614
7.788072344307489 23.73897395031787
7.788072344307489 23.7608703685488
7.810885435938129 23.76706902742295
7.839892610888809 23.79220066069916
7.841744000578494 23.830636127826494
7.841744000578494 23.84862370812258
7.851768861284983 23.865640227429815
7.841546212849186 23.87862099013197
7.85312636386954 23.90175299092786
7.85312636386954 23.925493128553338
7.853471624003359 23.940756722279822
7.877285694392567 23.94306479619898
7.880914796771922 23.966041045607806
7.879001253611589 24.012222033165592
7.897976191441395 24.054114824092387
7.917956881403743 24.060332060341878
7.940452805246384 24.060332060341878
7.940452805246384 24.060332060341878
7.936791031089355 24.07998277077312
7.94797959677771 24.112438995236097
7.958394209694831 24.14702386380747
7.983707390157984 24.184511339848555
7.98637873548777 24.227861187469
7.98637873548777 24.246706336624626
7.977114156793386 24.248785900759394
7.966517826600846 24.255367044919353
7.95762422224076 24.263572182036164
7.966517826600846 24.297014421745175
7.9653237386082285 24.309231035818154
7.976957795670026 24.315657578920018
7.983205749647317 24.326858576250643
7.983205749647317 24.335813466866057
8.005628475324912 24.335813466866057
8.01584011155143 24.35690662112774
8.019605414103928 24.395626064675298
8.037314284987419 24.42162716305016
8.047484368386964 24.43697391480693
8.081965847689563 24.45191414326547
8.083773351396285 24.468501464822097
8.096035534068449 24.48460923725586
8.096035534068449 24.498802760704407
8.092196297053617 24.508629747968477
8.066271025827513 24.516943258120964
8.066271025827513 24.548643219421912
8.091029995176086 24.60544433769919
8.131127159306551 24.650496506437023
8.136229098273859 24.678348933122045
8.131127159306551 24.69552257736015
8.13405310413074 24.725846541198834
8.139312124963404 24.758811599152025
8.155351753494365 24.7816475779128
8.179150838987578 24.836438331308564
8.183696356837812 24.87617212343016
8.189018860673109 24.87822677162408
8.189018860673109 24.89696120006746
8.178929599017774 24.932099764765802
8.163554983976645 24.963267086735755
8.163554983976645 24.979078484589174
8.18356771502793 24.98164974494656
8.214845538927623 25.010040947081684
8.240673932522524 25.05086940442734
8.255421564759725 25.077352651595127
8.255421564759725 25.114591524709635
8.239713823392005 25.163022987952942
8.239713823392005 25.189585988591396
8.263888234632486 25.210558210511046
8.300663157416903 25.236887648878383
8.300663157416903 25.251869386921914
8.290450019506313 25.265110298010246
8.286555478625525 25.276123159711418
8.286555478625525 25.302053813430895
8.308364697595358 25.28462505525456
8.332498416680565 25.28462505525456
8.334876781751984 25.31437831474132
8.332977324648303 25.335083214263264
8.34494288684364 25.41784526409795
8.332977324648303 25.466562131497447
8.327970473181278 25.493208456556047
8.34258343603474 25.493208456556047
8.337989825520683 25.490648433588056
8.358868346127938 25.488004514986777
8.364366131398347 25.488004514986777
8.359772520884292 25.501815686345317
8.373103689590273 25.53421930962174
8.38891177070671 25.577478091755932
8.400099989317653 25.608724773760052
8.414040729516607 25.628334944550417
8.404861477539104 25.66494713477563
8.404861477539104 25.70824176334971
8.390518499772384 25.716596834409405
8.38520617268141 25.729809707826632
8.38520617268141 25.763978530365193
8.39052092490347 25.80941346705272
8.406572578882377 25.825696640139274
8.401308713137315 25.840974279246154
8.401308713137315 25.861134270196306
8.42641481877029 25.89534195111264
8.453867225167295 25.930355708223242
8.467928477578967 25.960781812782308
8.468809091883056 25.969424244390762
8.484582459869287 25.98022253742551
8.484582459869287 26.02314265024563
8.484582459869287 26.070074114561955
8.484103971169437 26.119908575339842
8.467345317046536 26.14961579864249
8.453000415613698 26.164135724217207
8.453000415613698 26.190396081833157
8.433396028041058 26.267737402570397
8.405825347910548 26.304908184463464
8.400663386238566 26.304950744891283
8.397342539204404 26.330050740862355
8.408767657450959 26.36107330943185
8.451853618561419 26.38839758922537
8.477632495267253 26.390568097872446
8.477632495267253 26.423419611344773
8.471490470546728 26.460719183741254
8.451765442705359 26.489972114942905
8.422508103776591 26.529069554992606
8.421046831400265 26.57510396188304
8.421046831400265 26.58990380024482
8.442711729961145 26.58990380024482
8.449071378313379 26.58990380024482
8.460016597882083 26.627697327348827
8.461781062622713 26.66197285069348
8.487773341908063 26.671040604268875
8.521787848612497 26.683155521105398
8.521787848612497 26.687613428344754
8.515919375327204 26.69145866875906
8.507102956483536 26.702381685261795
8.507102956483536 26.72105109826921
8.546817429483902 26.74327668792315
8.563853159018574 26.771234968805125
8.563853159018574 26.797084229009965
8.523062480007074 26.82115521471326
8.486000498687183 26.876442091547716
8.486000498687183 26.910171615007457
8.48837810487253 26.9238962965306
8.484940752070223 26.9523528374738
8.512359300977552 26.981084714750224
8.538944839467382 26.981084714750224
8.548310485459314 26.99225987230159
8.548310485459314 27.02484750325629
8.479521973991902 27.073636635478117
8.406707627099749 27.103251224688115
8.406707627099749 27.11440515138352
8.423554648723524 27.130042872555173
8.44120657757222 27.141328666557605
8.44120657757222 27.181196287551636
8.43370565268588 27.189746979414057
8.427390445338206 27.203766650359228
8.406688465101592 27.223978584654958
8.397123595244858 27.218492142507447
8.395082682843153 27.273913662897066
8.398054925155837 27.305409608359057
8.41028369098062 27.312779939629674
8.408242778578915 27.333998427694695
8.423583569919296 27.365074654669954
8.432788221796915 27.390066781991308
8.434536295267609 27.409932517979037
8.437004374828593 27.43957119573269
8.432659821937268 27.48234703765612
8.407941615256082 27.508730304148788
8.380591399923286 27.546074733694454
8.368455064364284 27.579144331096053
8.354939740724106 27.584520541360543
8.354939740724106 27.593658763222628
8.354939740724106 27.633536165624953
8.347412610649982 27.66113613264134
8.340521366406843 27.67358286247457
8.332001179309028 27.68619444089883
8.310475846826908 27.702369961913114
8.310475846826908 27.756743548468435
8.283201045035028 27.802470389132985
8.245329958350986 27.81482210998992
8.254070909399712 27.824121063943338
8.25181694103382 27.82939712070393
8.214965826413735 27.83261284224087
8.239605515336685 27.871983084830937
8.209517721115667 27.942561582563748
8.209517721115667 27.974762250606673
8.23296190864179 27.974762250606673
8.241423428616987 27.977376751065464
8.248839919225096 27.977376751065464
8.239182897853077 27.999848259840075
8.244575194638465 28.028627517525152
8.244575194638465 28.06376258438237
8.242061488387224 28.08997396879057
8.242061488387224 28.113435878618688
8.23586927499468 28.113435878618688
8.23586927499468 28.13733889007092
8.19265307568779 28.139113858128738
8.240116792651012 28.174212696315927
8.248862700775282 28.178046744960767
8.2468697395792 28.22669029887097
8.2468697395792 28.22669029887097
8.217644226746593 28.24564715514398
8.210449061123365 28.280218394110985
8.184396472830349 28.319669908253907
8.193744929220575 28.319669908253907
8.20041082136024 28.36627100048993
8.20041082136024 28.422553436695257
8.20041082136024 28.438797810008708
8.15017926908881 28.460423520042326
8.101680267277942 28.473515975569804
8.101680267277942 28.486522901472455
8.084114672895 28.503467480620124
8.083706694312653 28.55368381755672
8.046011048986617 28.603504867163643
8.046011048986617 28.626854599509223
8.064753857141348 28.660244918555016
8.085003781268554 28.702070029820646
8.09094299707542 28.722813616183043
8.084551635384447 28.737673753071924
8.066967135113519 28.75446050459133
8.08282522431687 28.774863909007856
8.037301296923836 28.787939661762344
7.976541105154897 28.831447701019055
7.965065121352254 28.87233098912747
7.960616267010202 28.887442833359273
7.960616267010202 28.91140989198852
7.992015475654293 28.945356722465455
8.017220382336046 28.97507985106248
8.017220382336046 28.98332602758945
8.006264214449862 29.048039784107978
7.993170235434136 29.054836764846023
7.977984162132014 29.054836764846023
7.977984162132014 29.02291534479591
7.9641071428009145 29.02291534479591
7.9536740924436495 29.07328472014462
7.916018474527808 29.131806322240344
7.874937218953729 29.159983249985682
7.874937218953729 29.175290282824612
7.890168929608698 29.194290165256174
7.918031796235129 29.221550084654915
7.948347275070352 29.238282230995615
7.948347275070352 29.291978972228524
7.901243548827244 29.359631456727598
7.824984262293926 29.386391227189932
7.824984262293926 29.388069080689718
7.852791375576084 29.441514304539563
7.887429496388023 29.47357037347105
7.921040536985625 29.47867856947349
7.921040536985625 29.47867856947349
7.858545057984904 29.515454914436077
7.813401214039054 29.556829727876803
7.813401214039054 29.575288870972123
7.863146685231675 29.56362914432988
7.863146685231675 29.54280275827368
7.8548435567775545 29.570208588230102
7.804919531222317 29.586605023573696
7.804919531222317 29.642867665466802
7.847097718624273 29.64588854433192
7.82944157439885 29.678129412535313
7.818753148519877 29.687515404718713
7.720705389578331 29.7159329134061
7.672990029986029 29.750793356717608
7.670149792096089 29.750793356717608
7.672684006027773 29.82125807708515
7.687840307922576 29.886610736448617
7.68090170832876 29.901348139067345
7.68090170832876 29.901348139067345
7.64166329760554 29.927155557373517
7.580899860874197 30.002004098901075
7.545550115640491 30.067974367747546
7.545550115640491 30.088208981940305
7.5444223441257545 30.110765334299337
7.5208456619480195 30.154446230936813
7.537400315024932 30.164130111954282
7.5030555763727875 30.220525844083035
7.469826702451037 30.256674253149967
7.469826702451037 30.299306826037046
7.426936912026072 30.323969498964793
7.398181716964692 30.326617016687482
7.377593085406498 30.322096117291288
7.373798861168266 30.326617016687482
7.373798861168266 30.370926378857092
7.3835045433778586 30.43211358494748
7.378184199615422 30.439232895520796
7.378184199615422 30.44518839781366
7.326384978223894 30.46228898317311
7.288463462364178 30.503413432124216
7.288463462364178 30.56779060395144
7.329209534884465 30.596081439743642
7.329209534884465 30.596081439743642
7.320660975974457 30.582754359068222
7.270887028218292 30.582754359068222
7.268805117995258 30.62377318719134
7.241719396500409 30.707688320189945
7.159761015082605 30.757063008682323
7.10159722213402 30.777546501863597
7.10159722213402 30.801443427086042
7.127182707178109 30.828744674289602
7.157332197520328 30.831574292834816
7.157332197520328 30.8487122267219
7.125213600856566 30.9052393096727
7.107623485335868 30.95404966976731
7.107623485335868 30.96016529840241
7.1221099192940756 30.969222193706184
7.1221099192940756 30.966682752762896
7.111081349464229 30.97654704812419
7.090946884619503 30.97654704812419
7.035784960025243 31.01807434351351
6.973131834245224 31.082065626887484
6.921598295535503 31.166059568683025
6.921797294443364 31.246541027981856
6.921797294443364 31.246541027981856
6.941329032720686 31.272284280250986
6.941329032720686 31.29909504449877
6.909796555254216 31.328573514503113
6.909796555254216 31.335390625051083
6.912348001856209 31.32293609640226
6.904495265104678 31.32293609640226
6.901492988265378 31.32293609640226
6.834003551957663 31.337235603750365
6.815021307666207 31.37608009635779
6.815021307666207 31.40529370763123
6.804058800735596 31.415004443635254
6.816179574360598 31.477211810463167
6.815641241680792 31.539575298470613
6.815641241680792 31.542217518440864
6.790713071893264 31.544395567549792
6.720660471438439 31.544395567549792
6.662710182561819 31.53407122194165
6.598649481998049 31.534301324168286
6.598649481998049 31.543810743624082
6.609871322309303 31.585005200460593
6.671638763859924 31.607788723901777
6.671638763859924 31.622444260323608
6.62671044498769 31.63879597560421
6.598567030587564 31.675710824795313
6.524751950839788 31.742796212185475
6.477075368375801 31.742796212185475
6.50322480736294 31.779888883816838
6.50322480736294 31.779888883816838
6.50322480736294 31.859394230452754
6.4976752584744215 31.94415295330478
6.480992859636732 31.969997543134262
6.460684146039787 31.969997543134262
6.410230137028158 31.96109722023824
6.340058189348304 31.960251024462966
6.284265328432565 31.925442885978228
6.2599082034176154 31.89167927419964
6.238913141195585 31.89167927419964
6.243432120650526 31.915032271963184
6.2081298095344986 31.967837909667466
6.255223823764107 32.07807894180074
6.257304790791727 32.18028555479129
6.214279190392418 32.199095911171675
6.224010322065742 32.199095911171675
6.207715626369064 32.22470295270628
6.19190286598325 32.25031115666239
6.141134042923541 32.25031115666239
6.141134042923541 32.27122334244639
6.100988607168145 32.285325296692264
6.100988607168145 32.29483059980704
6.051342239912798 32.31675320004043
6.051342239912798 32.37264974396841
6.025448640279615 32.40728283772834
6.007962517065743 32.42465412141053
6.007962517065743 32.41961422409203
5.989361164597456 32.422486734199
5.9814743256641325 32.4391476909101
5.95075272948044 32.44906447328623
5.867236804376388 32.46364457461917
5.7658181496300855 32.500089249901265
5.7658181496300855 32.54716807591323
5.717425158545088 32.57900307375087
5.717425158545088 32.593351002230065
5.697118783374666 32.60950691534978
5.674790673818045 32.616839060547576
5.620068765911137 32.621268800035324
5.620068765911137 32.66139298592229
5.620068765911137 32.66139298592229
5.608524469798894 32.703057435870605
5.590942544586934 32.74226586461663
5.49907183116167 32.77533851353411
5.406368545684627 32.788650901229474
5.406368545684627 32.83199264728337
5.406292992145827 32.896151345643986
5.406292992145827 32.929528984815406
5.3926383549014005 32.90133039408794
5.35078446323199 32.92461917003786
5.336550463515284 32.91512644202584
5.336550463515284 32.907778452978164
5.336550463515284 32.92004956275666
5.2065909923840294 32.948477741405924
5.0994775498246 33.01938338242867
5.0994775498246 33.04752293619028
5.1675663017609255 33.04948655419794
5.217588573685854 33.04948655419794
5.217588573685854 33.04948655419794
5.202185909818662 33.05961396746231
5.170148556199935 33.08815498420664
5.115174312139844 33.11610471707014
5.071270899252186 33.12842872729498
5.004392476932161 33.15456868222022
5.004392476932161 33.223297416790395
4.9300693014958785 33.27783407591316
4.9300693014958785 33.27783407591316
4.901415836865773 33.30739213596775
4.870081351850036 33.32840669599199
4.885333843280089 33.366734765551925
4.86288526536994 33.379900272735824
4.812174484905931 33.39413865468699
4.812872907647815 33.417716466487065
4.7913896660039725 33.417716466487065
4.82086317005397 33.43052928245871
4.82086317005397 33.44472805546401
4.793547864500237 33.424034838405504
4.783354322149467 33.429155659518116
4.767776449404291 33.43976818036268
4.749728888725818 33.43976818036268
4.749728888725818 33.45724644774066
4.759472054283806 33.4829353272216
4.778833234444975 33.50553021613533
4.778833234444975 33.52936965520832
4.778833234444975 33.52936965520832
4.764551563074761 33.54695247158642
4.751902643595956 33.53671480032241
4.689310429256144 33.527670194577574
4.608121521588669 33.527670194577574
4.594988651935331 33.50636597060095
4.587437249213082 33.47851817848109
4.587437249213082 33.47851817848109
4.634777016194711 33.509923576790555
4.634777016194711 33.56331867443063
4.613494447628357 33.613881958924466
4.563459003106898 33.666910428125846
4.56104403469499 33.68456300409906
4.56104403469499 33.68456300409906
4.552607696917535 33.65470049000591
4.475990196035401 33.607237305283505
4.404103868441478 33.607237305283505
4.404103868441478 33.66265939799095
4.427922828359074 33.72093069699318
4.435923704608711 33.73995485709807
4.435923704608711 33.72995604538501
4.374101642200674 33.70049062012434
4.274935062017391 33.71043834957482
4.2141172594517835 33.69420728320311
4.231423998053594 33.71459627780938
4.21727371047151 33.73431226438863
4.158677699407594 33.72201518636382
4.165352173788384 33.767049116384186
4.092260675584324 33.768705227686624
4.092260675584324 33.798105684081264
4.092260675584324 33.81180489868994
4.052665804322022 33.82939061802345
3.9266142070814354 33.84265453942084
3.845891144684346 33.85530323731396
3.83084608689496 33.85530323731396
3.8419895960656225 33.86734981861663
3.8881058504445085 33.86734981861663
3.8747375454379185 33.87338053773749
3.8747375454379185 33.85989070667306
3.8436505942496133 33.84725429145505
3.789520984957213 33.85410468934333
3.783085111233296 33.85410468934333
3.8025308819282118 33.87994595170464
3.768189696767513 33.90456643222066
3.7943843037348985 33.93894545631741
3.7450072799154386 33.943092505750556
3.717252514699768 33.943092505750556
3.717252514699768 33.95185361361978
3.6110351755265815 33.941430610702085
3.5120913323484255 33.993992036783425
3.483138555883256 34.08926075964803
3.4368231561271045 34.11100840711525
3.335472528670923 34.13290275900377
3.2810012464238687 34.099658035434786
3.305235489292886 34.099658035434786
3.2810012464238687 34.13349552038178
3.2281251953735173 34.12187297939344
3.114817712553536 34.157171874077974
3.0624767617692608 34.17249832372364
3.0409197849158325 34.20960664064212
3.0289252388995247 34.234411009967715
3.011925249224071 34.24218171322104
2.9947444605459053 34.234411009967715
3.0031822765995986 34.2292439786335
2.9455139160121684 34.23837434017681
2.9326559950326794 34.2459617873019
2.9326559950326794 34.24114316015497
2.827670593356772 34.30885132233645
2.724290307201454 34.32462489099815
2.724290307201454 34.36827813207491
2.6832903077742496 34.3842265052061
2.5928517360359384 34.38444089798348
2.5795293249117877 34.38444089798348
2.54815895587969 34.390228723971646
2.532327870017975 34.38667586912122
2.532327870017975 34.38667586912122
2.490102924690181 34.38667586912122
2.4481207141475494 34.35545202026252
2.4082410443120947 34.363472889010836
2.3842092032858453 34.403688400140865
2.3398911850213713 34.44149585017094
2.2770896398538385 34.44149585017094
2.228962272100551 34.46764104203258
2.1962025549379414 34.4527491389136
2.1962025549379414 34.42226206538285
2.1778497868983875 34.4527491389136
2.2081477664627718 34.47901455708826
2.2081477664627718 34.477424026916125
2.116212856461714 34.526036759350674
2.058430325348464 34.477424026916125
2.058430325348464 34.49173256121896
2.0678813357290036 34.54691446930003
2.0678813357290036 34.56448322039351
1.9950402968573164 34.56448322039351
1.958766216677593 34.54202259155694
1.9073171251698844 34.505490767600634
1.855307529763404 34.49204643552035
1.7826304918631402 34.46109542043787
1.769870650648423 34.44033209100064
1.769870650648423 34.46109542043787
1.7921653230731533 34.48055653942498
1.8250442648832363 34.53270114660966
1.8250442648832363 34.55593424977702
1.6427825101800075 34.54382906425442
1.5256471982768312 34.54333237363612
1.5256471982768312 34.51526360290454
1.5619211208057076 34.505015672261734
1.5619211208057076 34.50935464920766
1.5227487382569218 34.498278846297254
1.4469826933614158 34.49919341467765
1.3738045152934557 34.53793895696235
1.322383460285636 34.53793895696235
1.2629970601270837 34.58134227909949
1.2320033638988241 34.58134227909949
1.273809816502534 34.54934566677406
1.2320033638988241 34.53970783920127
1.1629189579558066 34.53970783920127
1.050000227599925 34.570113743334296
0.9945996741807377 34.614157928907524
0.9125255270205757 34.64291070795525
0.8437477483747837 34.64291070795525
0.8308228154170303 34.663687237125814
0.8143972753382145 34.65169847401548
0.743467853353174 34.67350642253189
0.6613730912526189 34.67049433441863
0.6398415934694991 34.63631685713558
0.6189318229824594 34.63631685713558
0.6132831332057123 34.63631685713558
0.6214135626931926 34.60319400158761
0.600141795947384 34.640902260982585
0.5547692636633977 34.6775748791444
0.45251855300676025 34.6775748791444
0.45251855300676025 34.69499765751046
0.44231524073042916 34.73512236262546
0.44231524073042916 34.760674334483184
0.45004747337822615 34.74586722167474
0.31583764150312793 34.74586722167474
0.19789322134242113 34.729279483899155
0.24047794824934987 34.729279483899155
0.1945363499829837 34.710655247321945
0.25166786913656386 34.676015401238374
0.25166786913656386 34.695732649776076
0.20341141488229691 34.67143909735948
0.17645445516455638 34.65148623256808
0.1207740147912234 34.67577978498467
-0.042063192368438716 34.67020349771276
-0.025375084763449227 34.69280222631229
-0.0904644321520556 34.72563058537686
-0.0468156710542793 34.74844221427908
-0.01946396933331706 34.74844221427908
-0.01946396933331706 34.68075968632368
-0.010478828411411602 34.64088346558274
-0.0043657739651580055 34.61788873597603
-0.0043657739651580055 34.64315393189239
-0.048883732770020574 34.64375798025594
-0.10775369303778609 34.62076325064923
-0.15949472577448034 34.601060334507196
-0.19298845477705567 34.601060334507196
-0.1628517780256455 34.60275031696648
-0.19361950201285894 34.635351269997145
-0.2250459258984768 34.67897674352227
-0.17485677737969815 34.76599985114469
-0.18846738902039295 34.67897674352227
-0.15836916882800178 34.76599985114469
-0.15836916882800178 34.76118797944339
-0.16247944932579061 34.774727712315155
-0.180357038902199 34.774727712315155
-0.180357038902199 34.77939462655519
-0.22707027377112332 34.78760709510766
-0.2386817682522852 34.80461720936344
-0.1537339620149723 34.823173548552404
-0.22177895369738726 34.823173548552404
-0.15027805959011603 34.900308381460256
-0.1425408790113767 34.83304691596973
-0.17938142195592266 34.83564522404748
-0.17938142195592266 34.79795618766971
-0.20157290233655578 34.76221016228153
-0.23550321542598351 34.76221016228153
-0.2966976948753144 34.77903171409821
-0.2966976948753144 34.77903171409821
-0.27349362966177027 34.774560963947195
-0.2809205292391461 34.78502549699668
-0.2809205292391461 34.78700541209839
-0.2930534486849131 34.769743222423536
-0.2922129389086675 34.769743222423536
-0.31814637865120177 34.78504599493907
-0.3328857587658518 34.77422130479307
-0.3931623814693277 34.79022384222566
-0.4450443402176284 34.79022384222566
-0.4450443402176284 34.787172762045856
-0.4034607457615624 34.78552838536697
-0.4145039784798739 34.77753764677608
-0.4145039784798739 34.78209942961914
-0.4748794106286514 34.76881555903651
-0.5899514422036793 34.741194419959456
-0.6287801926252438 34.703026734478186
-0.6008372329089009 34.703026734478186
-0.6691614969781774 34.71014378753314
-0.706136209463633 34.75261785398531
-0.8031907321409557 34.77852220353958
-0.8155959787436713 34.75261785398531
-0.8416487788964204 34.73510503917214
-0.8804891404484255 34.67401782552389
-0.9356915352079651 34.67401782552389
-0.9823969951084586 34.68810264804527
-0.9823969951084586 34.73628920967319
-0.9916798185677813 34.73628920967319
-1.0291080567908226 34.7162196187262
-1.087436023055303 34.699380855544845
-1.1087335527261302 34.68314426576649
-1.087436023055303 34.66150026397643
-1.1539929441068688 34.614728862227764
-1.2141515939450298 34.581928420354586
-1.1317986890933671 34.581928420354586
-1.1686625224004579 34.59117056908852
-1.1489204723396447 34.67736121818265
-1.092270945471705 34.681731464607765
-1.1489204723396447 34.681731464607765
-1.2632224579696427 34.58559745533823
-1.2999561751852646 34.560611142412135
-1.3432499481156568 34.560611142412135
-1.3904252993371853 34.574752087697874
-1.3904252993371853 34.65472856740941
-1.3904252993371853 34.65472856740941
-1.4478485250281479 34.640468738105994
-1.4495514320466463 34.53664114959026
-1.4495514320466463 34.5052534773053
-1.5002250799140224 34.5052534773053
-1.555086534134255 34.53869047549476
-1.5701049161849359 34.54298379524031
-1.5701049161849359 34.54298379524031
-1.5701049161849359 34.50178043157848
-1.64063537486473 34.48929321679
-1.6873896729348181 34.477246937605194
-1.7180856946916059 34.46748111608102
-1.7372702707069685 34.468001031183235
-1.7372702707069685 34.45987331296767
-1.7657347815456397 34.45559018166457
-1.7842238260858405 34.43154776837556
-1.793317023263716 34.40046501547789
-1.8447500711931857 34.40046501547789
-1.8963707035495163 34.38062350153068
-1.8525454105070027 34.400380396581596
-1.8710077816905335 34.41214594171694
-1.8781399743505682 34.431395667249575
-1.8625054259323148 34.45757320857575
-1.8864619646045682 34.425406840784945
-1.9143357821933644 34.44940900346576
-1.9939653950176561 34.44940900346576
-2.0217516887953995 34.42734412793462
-2.044361653124277 34.40625966195877
-2.0047576032482715 34.39855989329551
-2.0047576032482715 34.39855989329551
-2.036912088796399 34.450867714411
-2.0796742568915607 34.450867714411
-2.0976553009812053 34.45188178355825
-2.0644376541052933 34.46340425601001
-2.0940744403725184 34.471243974118096
-2.0615259190400197 34.471243974118096
-2.0731816612175997 34.456924931713075
-2.157152808604239 34.395371522405284
-2.2286528248650264 34.38208409196771
-2.273735836518175 34.37242843024005
-2.296398532719582 34.36840250274739
-2.296398532719582 34.37233423174915
-2.296398532719582 34.367382351444675
-2.320337761582221 34.36641254377909
-2.341718230534256 34.36641254377909
-2.3504629789808975 34.354563725007445
-2.345561293825198 34.34589626454495
-2.3530072571696508 34.32954236456871
-2.3864936883615324 34.315650438415446
-2.4311467475346307 34.23510116242874
-2.4581912559407986 34.205220148044944
-2.5756110990280208 34.19806283539305
-2.719570052429652 34.21536112743749
-2.6623859198702418 34.23557832825211
-2.719570052429652 34.21536112743749
-2.7544227821503986 34.17162210457177
-2.779300245414225 34.15715500500043
-2.822506759979418 34.13927714892377
-2.822506759979418 34.15715500500043
-2.8021946464989145 34.14520037533232
-2.8012164399259794 34.11450249517947
-2.8012164399259794 34.12137788454833
-2.8393807540344875 34.10956682724263
-2.9332332954512026 34.11391100125839
-3.011898501008843 34.056409210331736
-3.112542477845758 33.96280030326007
-3.238236068678318 33.94274091904531
-3.296785961753246 33.94274091904531
-3.3033590591599253 33.955952921396396
-3.3281110692200904 33.955952921396396
-3.3281110692200904 33.95257470182784
-3.2403843750454415 33.967566082628665
-3.149026191560166 33.94373361419741
-3.1341279360252017 33.940848352190066
-3.1341279360252017 33.940848352190066
-3.1931785890212843 33.940848352190066
-3.2796782387210897 33.93640464865227
-3.3993784896012307 33.9351083620615
-3.3993784896012307 33.9514861303675
-3.358801854811314 33.93780642161773
-3.3492251021498927 33.87576693016443
-3.2404464591021833 33.911908787893324
-3.3492251021498927 33.90145399649369
-3.447606392865066 33.90145399649369
-3.444773841326292 33.925955895720236
-3.444773841326292 33.94405947399275
-3.4001435773604083 33.94405947399275
-3.3513436497575686 33.932989890594285
-3.3513436497575686 33.874505062872196
-3.3569775668599537 33.826323042343375
-3.326169138167799 33.8108787150271
-3.372062969859294 33.8108787150271
-3.3750381979767 33.831446556177156
-3.415988692752923 33.846922642358194
-3.4756485446083776 33.88167332647026
-3.493954530181564 33.91084911405889
-3.566595879640722 33.91084911405889
-3.59942312328753 33.83675920846416
-3.59942312328753 33.779401516439265
-3.5541122561731564 33.779401516439265
-3.5342038382618233 33.76926528508211
-3.5342038382618233 33.76827987534243
-3.613904045299003 33.71562923860345
-3.6782798139465003 33.67940802990414
-3.6782798139465003 33.66522884108111
-3.7237523967506374 33.66522884108111
-3.7237523967506374 33.66467019001966
-3.830393621697964 33.62778401836897
-3.8721226831973192 33.59327214735159
-3.8721226831973192 33.59327214735159
-3.836773095828109 33.58792277783339
-3.7824873997306563 33.58792277783339
-3.7505783831745143 33.57097846247795
-3.7505783831745143 33.49599990214629
-3.826469933523759 33.47846772241049
-3.8937770029017855 33.428860566972446
-3.9008005889966793 33.42696539570727
-3.944710782673175 33.44948264151623
-3.9968190196880458 33.42347568978345
-4.0249664150280395 33.446712120668145
-4.047331184097736 33.461948327855296
-4.072001910228239 33.42080203854081
-4.099114093795378 33.37987473142431
-4.148465997279118 33.296146370837995
-4.19294329086593 33.296146370837995
-4.148465997279118 33.30416904611087
-4.190683191856186 33.32596096007746
-4.192793041476243 33.34048080426338
-4.194446550854768 33.346445843418614
-4.22422802358704 33.341269952923
-4.231429122596124 33.314592939650694
-4.233890561832129 33.259241393140904
-4.249619014619887 33.220383968774264
-4.249619014619887 33.205191850175595
-4.353741804697696 33.20008270844494
-4.419037292847653 33.18308444349212
-4.431519335117726 33.18308444349212
-4.4759812654806 33.16275662893144
-4.583291495737399 33.08686225518882
-4.657112018518692 32.98020742149731
-4.657112018518692 32.94291279768592
-4.621478541440647 32.94291279768592
-4.638039283556907 32.942611103835276
-4.677336758626078 32.940213658867876
-4.788959311689792 32.88314402803766
-4.8445561371226535 32.84983265583602
-4.8445561371226535 32.8776162689924
-4.836998474737335 32.84723504257701
-4.811049592162471 32.82472917947577
-4.782848513370364 32.83332246563752
-4.820144958076275 32.81476431902656
-4.889398572532201 32.81476431902656
-4.969039068040191 32.789773433856936
-5.012688988223315 32.72132193381135
-4.971589140981756 32.681358387453315
-4.973038333532724 32.681358387453315
-5.029298177945604 32.65551038753698
-4.9959386307596505 32.69235120241122
-5.00923530254651 32.69929684352066
-5.074695312669094 32.65360172014357
-5.1136449910772175 32.632649742319096
-5.23418554232501 32.56897815240554
-5.253302500554824 32.56897815240554
-5.2300619459283615 32.57488566584466
-5.22264668179104 32.56933485549635
-5.214340744386195 32.55554588061473
-5.19981762260487 32.52773939016271
-5.197500884230318 32.51700032765473
-5.197500884230318 32.49186725100943
-5.197500884230318 32.428627204499534
-5.304624414210615 32.36420378755058
-5.372425018043506 32.354548317690835
-5.37349946140527 32.35063814720448
-5.330568462390929 32.35063814720448
-5.328156633702348 32.35176687505088
-5.330568462390929 32.32754027721284
-5.32848498062866 32.310935148160944
-5.345072190418186 32.27184479040228
-5.435877964019934 32.16863707104362
-5.600417629849245 32.09840040581874
-5.677452961683941 32.083422105046665
-5.677452961683941 32.083422105046665
-5.6499496327499035 32.12952424424702
-5.636131632910182 32.16957401596834
-5.636131632910182 32.16957401596834
-5.70030376954355 32.070451953055645
-5.7586818963553466 31.997311091433893
-5.7586818963553466 31.997311091433893
-5.713908201704696 32.02492596938562
-5.696238527758696 32.02492596938562
-5.696238527758696 31.967290995708687
-5.7341202526882995 31.907666642210465
-5.7341202526882995 31.889366517968718
-5.780738637152393 31.888839137707595
-5.802503649326075 31.888839137707595
-5.762929884513973 31.8712313237847
-5.762929884513973 31.84757690549776
-5.762929884513973 31.8249070960362
-5.826599660150146 31.764785779708927
-5.8922705427209205 31.748126126733098
-5.912532534897483 31.747473049786073
-5.9353636321985235 31.74599424980778
-5.979253771534609 31.71861884657408
-6.074891505648551 31.667555108080055
-6.074891505648551 31.646382266968597
-6.074891505648551 31.64572515752974
-6.029673567566977 31.60068632669216
-5.964278205562114 31.589486486455918
-6.0679702493256595 31.563450506583173
-6.058530080115831 31.563450506583173
-6.15891088179869 31.55235749857124
-6.17234696990811 31.537942464877673
-6.1647554762694945 31.52491277381536
-6.179988580993156 31.474379662278277
-6.183214906960355 31.42507300266029
-6.1716274944221485 31.421079690746573
-6.179932310169308 31.41428339920476
-6.179932310169308 31.41428339920476
-6.198805663448347 31.349787132675882
-6.243559569561995 31.27349156254576
-6.280453456653324 31.262649123844817
-6.277559423117099 31.26041646488018
-6.299582638758758 31.248503395124942
-6.356244620285125 31.248580882393057
-6.37047446452769 31.23208157777723
-6.398786810725841 31.19277095153994
-6.398786810725841 31.173088100333516
-6.41786894346528 31.125191708759097
-6.4474779121079875 31.125191708759097
-6.454803184540071 31.116700239111445
-6.454803184540071 31.116700239111445
-6.46183993116593 31.113000089750123
-6.473034881937606 31.096813083614812
-6.443250875218823 31.100659423839446
-6.440154456749008 31.100659423839446
-6.398064099126346 31.073979631843603
-6.385192044456597 31.04120712658552
-6.385192044456597 31.025463331996928
-6.479116163174803 31.001119101883553
-6.507459844892624 31.001119101883553
-6.584899766845018 31.0182434101125
-6.548754687897997 31.0182434101125
-6.498147206878128 31.013657558259105
-6.550134587951508 30.957261975116804
-6.566442520164424 30.913981785972
-6.580837632746345 30.913981785972
-6.580837632746345 30.913593327486673
-6.515745052276005 30.90963472027788
-6.515745052276005 30.90963472027788
-6.517389682229281 30.859483695286286
-6.570763831154435 30.80705753302263
-6.618440348362505 30.761631778698845
-6.618440348362505 30.748715065130526
-6.629226530559463 30.731808788147667
-6.629226530559463 30.684681613328326
-6.62100231805746 30.639558886129727
-6.6389994782845 30.611346904554534
-6.693864895397567 30.58681257236327
-6.751960565572665 30.553849266836277
-6.8167645778081365 30.526804330544664
-6.839730769288759 30.52190667640751
-6.871147832932987 30.48152471057749
-6.839730769288759 30.418066208163886
-6.8086779973078375 30.398998392402177
-6.8177897768395646 30.389133602539538
-6.8177897768395646 30.389133602539538
-6.842678957659817 30.360251950472055
-6.880559777704457 30.325976634765812
-6.923095639194617 30.282886823163597
-6.924747654938123 30.23692323213384
-6.933240781274421 30.227770267223278
-6.926894634791912 30.22095455491405
-6.926894634791912 30.227770267223278
-6.936976444249825 30.23893260246997
-6.966181998375257 30.227771550552035
-7.000718688368645 30.215525702750583
-7.0302426323668 30.16820678433671
-7.048713180545253 30.14025150005361
-7.032486691384923 30.11977107923427
-7.063281951969435 30.111364709210566
-7.028434384087449 30.09680987002779
-7.029965139834972 30.07829187660566
-7.064812707716957 30.055899722699213
-7.096034655014284 30.026080877144686
-7.096034655014284 30.026080877144686
-7.084494307404139 30.042563908013122
-7.036418664037608 30.060775402840427
-7.036418664037608 30.060775402840427
-7.085361782679188 29.95467252585111
-7.085361782679188 29.896857111561957
-7.079323977124266 29.896857111561957
-7.079323977124266 29.88386804418162
-7.095723614497144 29.877161885191533
-7.176790004519507 29.810670648517572
-7.214895943298482 29.785878596644146
-7.214895943298482 29.77246545941883
-7.191711649565919 29.770478103129864
-7.191711649565919 29.753616110174978
-7.216805558008611 29.704005756550824
-7.313828333490308 29.63396774487113
-7.341176527492593 29.611348360218315
-7.346057905526181 29.566332998763244
-7.341176527492593 29.522668176160174
-7.328570830384733 29.51875714517758
-7.331103196434112 29.49873799393194
-7.331103196434112 29.46385767053239
-7.376099733844622 29.41390455655673
-7.407417749513545 29.399631590945194
-7.410960680256839 29.36501706847332
-7.410960680256839 29.347232204000086
-7.367087635329561 29.335928058492158
-7.328415354378945 29.33359317247457
-7.328415354378945 29.315996539524527
-7.364350615573013 29.278671977638076
-7.432687730826901 29.249083272321194
-7.471596424911913 29.19037096912048
-7.471596424911913 29.168834813982386
-7.4846403637119785 29.135338496213063
-7.470829284219923 29.12727608378487
-7.443795165772386 29.10510138863294
-7.464499780690813 29.085867510134413
-7.450138257889908 29.066176864886092
-7.469897963109675 29.04834135184722
-7.499238797627559 28.988796340336236
-7.500491778233443 28.94290974487073
-7.500491778233443 28.93122200032782
-7.480676513402217 28.923060758927264
-7.480676513402217 28.855509878156127
-7.461583234666976 28.789530804671998
-7.458308566037286 28.755850099916863
-7.462111841772744 28.723021977035586
-7.462111841772744 28.707291836871207
-7.479967683359797 28.707291836871207
-7.479967683359797 28.69018880359669
-7.526109843588696 28.674369473154805
-7.526109843588696 28.632533192004225
-7.575530854031576 28.581888051590802
-7.575530854031576 28.560027972182283
-7.595352099940431 28.542430697674117
-7.593710265263897 28.512419457203915
-7.57226200170626 28.505192868164865
-7.608440114487635 28.488966352451904
-7.608440114487635 28.479582117769972
-7.644434015406354 28.4266942270962
-7.644434015406354 28.404374082214176
-7.645886399996284 28.376001471050664
-7.668386652157475 28.32706155701122
-7.6876605946219065 28.27159504348063
-7.6876605946219065 28.25283713751619
-7.689396387588795 28.22740272877438
-7.677390887039355 28.21810168132524
-7.697098178205525 28.199164876059555
-7.728990433786551 28.177870087510932
-7.732473577996274 28.144818343296766
-7.732473577996274 28.1280321777218
-7.702795065289338 28.112132903263138
-7.653965638223293 28.048799739941042
-7.653965638223293 28.048799739941042
-7.642480447644988 27.979826569692356
-7.673808066435031 27.95968235245899
-7.661203103709628 27.952798321778793
-7.6469684950478 27.939133125541872
-7.653426074518144 27.931169270885164
-7.652571702456476 27.92240728787579
-7.6721789270361604 27.9147685038178
-7.684997395745814 27.8914904677307
-7.684997395745814 27.87756697115032
-7.710407684382596 27.868180883255285
-7.734125256051248 27.84974746880795
-7.742614465996896 27.808012538471182
-7.766715611042798 27.75465930854361
-7.766715611042798 27.71289834991856
-7.743046067864981 27.679259207782515
-7.771002697962633 27.66827168461993
-7.779199608557677 27.655929193583006
-7.777544203516019 27.61975961727662
-7.777544203516019 27.56004206377194
-7.778589362648663 27.544717744577902
-7.778736159704274 27.527471121464593
-7.785961073405245 27.501936348048446
-7.811868598857968 27.487588086086177
-7.836010668019353 27.457833623753857
-7.869545372825463 27.426415354295585
-7.836010668019353 27.393665562716457
-7.830656103365962 27.367815541589408
-7.85410942693521 27.337502069709075
-7.8184584530412735 27.314586827054605
-7.814413827767664 27.27866574589796
-7.842206578502342 27.259557628955278
-7.842206578502342 27.259557628955278
-7.8443673494089206 27.232207947761083
-7.8657774766286135 27.18456820258627
-7.880791965338862 27.15002647341791
-7.842244410888723 27.126376442200165
-7.880791965338862 27.09974185563702
-7.899576380365655 27.089111080750754
-7.884006893134061 27.084562639774393
-7.896788016402429 27.027527788843088
-7.896788016402429 26.971556804673675
-7.88890091109524 26.93161499274236
-7.879067969907389 26.888515705734967
-7.891450298368419 26.873155808294555
-7.914322386729575 26.854583761616624
-7.953679715216408 26.85452287711107
-7.953679715216408 26.844233998726843
-7.934816922708977 26.844233998726843
-7.908263645420304 26.82093263176782
-7.8841731858772235 26.78528698224207
-7.8841731858772235 26.756831991834275
-7.88383538636712 26.72299991920187
-7.8869443171842475 26.69620659207169
-7.888943400278402 26.67861511784995
-7.904210537027254 26.658431762697823
-7.925973617207449 26.610095563175328
-7.925973617207449 26.598038053976957
-7.943561067166699 26.57249680261755
-7.93896284534817 26.55751037184711
-7.951482050093466 26.513216103310093
-7.95928670276305 26.461059578262887
-7.932416899488183 26.434346859194015
-7.902645802235562 26.425143547658756
-7.870424962791513 26.39247341105246
-7.870424962791513 26.35896459280565
-7.891769606674428 26.298966734281173
-7.896757291977847 26.25135220446625
-7.896757291977847 26.25135220446625
-7.896757291977847 26.259031897785043
-7.898881044505762 26.259031897785043
-7.915701996488258 26.236899458618176
-7.915701996488258 26.19185978472525
-7.9108541440361595 26.123215620331898
-7.906687815367412 26.068694011936493
-7.900839938114023 26.0632584766962
-7.905216613250618 26.048797340604114
-7.913695065926859 26.0183830848594
-7.918503309597978 25.993241399287854
-7.918503309597978 26.010221944459985
-7.894552956865589 25.993241399287854
-7.861263783840497 25.967230967425323
-7.861263783840497 25.945432343467587
-7.861263783840497 25.907669868065007
-7.844392548354376 25.86851516703765
-7.823852975868375 25.856903679193696
-7.821417387289157 25.841765752719446
-7.8322468763334765 25.81697731965378
-7.844813863307435 25.789410421736385
-7.844813863307435 25.76425373866781
-7.82882354273643 25.753501885816846
-7.814341372435663 25.737106940021043
-7.814341372435663 25.716927271017653
-7.816837334322768 25.69624256899463
-7.820241903829791 25.662607613772877
-7.8062271398934815 25.636419935816544
-7.798911216857192 25.617819357275195
-7.787802768014495 25.588439673514827
-7.787802768014495 25.558956614792816
-7.805511385000108 25.538238216037428
-7.807099883034848 25.4920973935972
-7.807099883034848 25.45314377559711
-7.771183340034124 25.45314377559711
-7.761695411563233 25.44751464527846
-7.758834282038854 25.44751464527846
-7.760442727082952 25.42840127205087
-7.765103067470902 25.407347615573208
-7.75206705114699 25.392740122783998
-7.7474705846099505 25.37125173722746
-7.742066573419065 25.340113456028334
-7.742066573419065 25.314533374037477
-7.731938698951467 25.264851820323656
-7.713978372085181 25.243681217201
-7.70704830674107 25.219626918885837
-7.698911657334335 25.187249913739716
-7.685357396589212 25.162562835232166
-7.684772437507622 25.144330464871153
-7.677317807044805 25.119901177288824
-7.677317807044805 25.08632952914056
-7.66374475150394 25.048634932737276
-7.663839129938926 25.048634932737276
-7.661599882436265 25.04257142964449
-7.631142524779347 24.997428133596912
-7.661599882436265 24.933130866752975
-7.645495392326944 24.927576077863236
-7.596228042025389 24.921805615881272
-7.566632879922889 24.885319420178718
-7.5608892886139945 24.845978462580774
-7.5608892886139945 24.82322584441942
-7.576375389398116 24.802065037142455
-7.576375389398116 24.782448137566917
-7.581672509094329 24.736429548015913
-7.561499439168699 24.65998085552701
-7.528633457333821 24.61621130912149
-7.507811947469504 24.6064405928991
-7.506883781009851 24.571503744123234
-7.506883781009851 24.538005151342958
-7.506883781009851 24.51235874899244
-7.506262973083437 24.485036667525335
-7.507666220007633 24.45543707473877
-7.507900964294229 24.437498736792698
-7.507900964294229 24.437498736792698
-7.512376377771197 24.431931708614613
-7.498482007572341 24.382172741900682
-7.498645593355635 24.309371044924323
-7.498645593355635 24.30353959168722
-7.479572551106142 24.29780873562317
-7.4820126515497405 24.2523209215826
-7.449644032748143 24.219944899443483
-7.449644032748143 24.21278795442393
-7.434969950589704 24.203690074153094
-7.421798203714205 24.166910744054128
-7.43187396786313 24.132542063994777
-7.427941247810746 24.129812167049085
-7.406551854975548 24.129812167049085
-7.40044863887214 24.106880379899586
-7.40044863887214 24.069852080271776
-7.404295142935647 24.042749683489077
-7.394191459105377 24.0036923667998
-7.394191459105377 23.97581990119972
-7.37442993289214 23.966993356893397
-7.3744045982427515 23.92746826064303
-7.359542336010217 23.872648643010052
-7.363204071658543 23.84439544287178
-7.367171785132522 23.818364351653525
-7.369980941136583 23.790356549145898
-7.37605984304568 23.772710011711684
-7.37605984304568 23.763693419622847
-7.338470800015555 23.755515183013145
-7.303182772131816 23.73904171270776
-7.297798377325973 23.70706371106894
-7.293997085236205 23.679252118938237
-7.2886882307186465 23.64283338647388
-7.255147986188032 23.610136291608114
-7.227644535265329 23.60432319651769
-7.222692550191146 23.592717171292364
-7.2171487041833355 23.546141985072296
-7.2171487041833355 23.501157328440804
-7.2133253078090815 23.468695147772785
-7.193377048066176 23.440373638540542
-7.174520425815692 23.41137407850065
-7.172731974938274 23.384711704106316
-7.168101489166193 23.35650682444104
-7.1430065228783555 23.319299737656983
-7.109991017086376 23.30455732582757
-7.105186553186349 23.28274296017806
-7.072946137308453 23.256108645502977
-7.048026241397146 23.238543339348645
-7.048026241397146 23.21634411406417
-7.048026241397146 23.17747746422377
-7.066064637742877 23.150209910187463
-7.054516014092295 23.141151603068078
-7.022777668640964 23.111626319908723
-7.000167214866172 23.07702723529373
-6.980534687408767 23.0491117000335
-6.968141354182755 23.01084829545823
-6.955648626958146 22.971271918521758
-6.943497054550786 22.940380816494514
-6.902855523661936 22.91692616276945
-6.874548780655012 22.88497661067037
-6.857089317624379 22.86494451174829
-6.837502091298336 22.86360030495339
-6.821956730185228 22.836299065576227
-6.794033706331641 22.77782651165622
-6.80635515363546 22.738876957860864
-6.800446019259416 22.72733883374128
-6.788726766155224 22.72733883374128
-6.788726766155224 22.709762352004006
-6.778280996647883 22.701288904471966
-6.759342838385658 22.701288904471966
-6.71097405755938 22.681558566984485
-6.725941804718952 22.658650907130543
-6.701191224775307 22.637809653798488
-6.711336671612223 22.623230718012486
-6.711336671612223 22.609665243916897
-6.698113136941259 22.595014087925904
-6.687086566701325 22.57494156897475
-6.6776679751754004 22.534879388775842
-6.672226789984306 22.508635348182516
-6.65948113665251 22.50204158263307
-6.647379935014355 22.49539501927427
-6.641849650670784 22.470416392768577
-6.617226861641777 22.44554185043322
-6.595912274744986 22.44073300658112
-6.5931671086623425 22.419038151700054
-6.579873081612475 22.385587895748927
-6.549058474361355 22.36380086087248
-6.525054809783141 22.337141075108306
-6.515433252450027 22.315379010531068
-6.519722834562405 22.299871713531758
-6.5075208806742335 22.278218070214056
-6.498145693729379 22.26456311573309
-6.482520135726853 22.239978297629953
-6.480335442045442 22.219777874393344
-6.472920252596609 22.21712418372359
-6.453536112728756 22.206806500052693
-6.418328741018062 22.19139653111936
-6.418328741018062 22.158153501308213
-6.407635040625363 22.129171720851293
-6.386635349526236 22.102527633289853
-6.366849936517395 22.071943120074014
-6.346584254539637 22.06074069266471
-6.344487467353517 22.032988858295354
-6.319174234033996 21.979522062249522
-6.284407737635375 21.949994658383048
-6.261803948707017 21.942464441222434
-6.245312914332447 21.91693949334671
-6.231026421704943 21.870020231159913
-6.208851969859262 21.853557726468622
-6.176205516625513 21.850913928510558
-6.1677523339596 21.818402280606037
-6.156923907983046 21.782141301714535
-6.156704500111144 21.762021722299806
-6.152595136530559 21.745678750775802
-6.110907923157326 21.74380006313784
-6.081618385269847 21.718838553101946
-6.071481173321711 21.687568300665042
-6.080846509766282 21.663082481738986
-6.077745592839149 21.63011185395301
-6.054683249901337 21.607467256563126
-6.018932413736543 21.581108499281505
-5.994143501965773 21.547663774123173
-5.952501880604075 21.528179511103485
-5.910499082419809 21.508475451920965
-5.8995257006349835 21.486676935139656
-5.886987843334068 21.47011817265935
-5.877357325051346 21.437717350149885
-5.869194309103909 21.41235068497969
-5.845127542607944 21.376820966950003
-5.821656879651421 21.327873454793096
-5.797294054158859 21.303968004304448
-5.764066427418406 21.29464091220121
-5.749505708788819 21.290920358940625
-5.74536717131098 21.273784967690716
-5.738774222079213 21.264455323163443
-5.714002750980954 21.2610215075642
-5.702408834114433 21.24505582988578
-5.685137389339252 21.24505582988578
-5.683010069724213 21.2219259132752
-5.66033028848161 21.190247950306166
-5.657541039838001 21.148420523943074
-5.640503598937285 21.13871564581744
-5.621647366353777 21.12975750013822
-5.5844499209483915 21.125876846327706
-5.568713861676024 21.11647000664656
-5.559414172645635 21.107100031062387
-5.5519484351439825 21.08815790907117
-5.539327080861396 21.06994455496752
-5.528733551052702 21.067374298859686
-5.502561960668524 21.06531126781212
-5.476965719334611 21.056071015641713
-5.466419615698288 21.056071015641713
-5.454390826670333 21.02024421731061
-5.450899288395749 20.98828439465977
-5.424471611328407 20.982110102756977
-5.391367513897382 20.972370948491413
-5.38031277389867 20.95981999528264
-5.36988654326251 20.945560197019596
-5.347625639724873 20.928986489984588
-5.3258177859712585 20.909790133918158
-5.3172020366813815 20.885269905686314
-5.287814010230977 20.871828405223898
-5.254184555443631 20.86205170248595
-5.2439870318420585 20.851555730867737
-5.230046568946081 20.84089205297791
-5.20678049319215 20.810808014203623
-5.177510526675993 20.78137562574797
-5.166742621883818 20.770031601461735
-5.157912978163694 20.761766584651625
-5.147509390379521 20.75465877502484
-5.126930719023031 20.747798603976477
-5.109051381843464 20.729017191306156
-5.0937349640820155 20.717071768015263
-5.064867149949082 20.717071768015263
-5.03105366326921 20.716001425432584
-5.014750420008226 20.692840668816473
-5.0076630665080275 20.67418931858961
-5.000855661028947 20.659017754206914
-4.99146539773181 20.644562882048007
-4.9813011400500695 20.63609379110262
-4.966757492196852 20.622941073979902
-4.956441754583711 20.601911393936266
-4.923441426871598 20.589342810996236
-4.8828198070243 20.58645738900406
-4.86616500967731 20.57853511011939
-4.856763592216518 20.566228834604303
-4.820738844272439 20.557740927196967
-4.78689838102129 20.54333704594257
-4.773534292017747 20.524342303643103
-4.756496807442672 20.502825559323007
-4.736954012697899 20.479325910829488
-4.718733377914327 20.43732863585887
-4.7015404424768334 20.411268827155148
-4.662768361528677 20.391225462786906
-4.636872268253423 20.37266287019403
-4.632871641975905 20.365545966238145
-4.602948509773928 20.35322027323084
-4.565286311879348 20.335163868022477
-4.551749462855415 20.313590189474684
-4.536456526254463 20.30011302235281
-4.510141027087837 20.2910386354926
-4.4890272249917675 20.238422241663066
-4.480614647230578 20.192261759659633
-4.46483339581939 20.186189890547844
-4.443667428705881 20.168868668332294
-4.427324233719682 20.144344323049545
-4.404636732998351 20.127814830032165
-4.3663006799959385 20.119499929178243
-4.349371232061796 20.105100367424527
-4.341054817116152 20.091354286520563
-4.330005311130026 20.081384832898493
-4.316755195716489 20.063683763987214
-4.294481957331719 20.05253006015831
-4.286437806411833 20.036110478605412
-4.280875484438125 20.015827293884822
-4.278906970356779 20.003954099522932
-4.265918453734477 19.991356312160235
-4.251472043966174 19.984644148021772
-4.221678467977084 19.98033401584125
-4.180343012322677 19.97900118313676
-4.159367433768541 19.97455455172107
-4.1449030181043 19.963751125311454
-4.131888500360246 19.930023757124907
-4.118353840003078 19.898960866513093
-4.1049415837866725 19.880454832431422
-4.086386840099143 19.866607110756767
-4.05660924036286 19.85621955716377
-4.032473965818539 19.84552952904521
-4.014973689545725 19.828300064625065
-3.9974863168698955 19.805673311254214
-3.9842144147367486 19.79192195312425
-3.948450940215887 19.777505163620745
-3.916777007555414 19.76320660164021
-3.91023972678525 19.74977001913215
-3.8937395730371067 19.72861970480382
-3.868161668372455 19.700382449431658
-3.824508992843707 19.661926079237272
-3.7657914027211588 19.638589880670665
-3.7168680839081625 19.620640613364202
-3.696607241720262 19.60959415668736
-3.6777614956712785 19.599088494816097
-3.653557021613458 19.575875649531245
-3.6347974979943665 19.547229509101367
-3.60244394673471 19.53227420459284
-3.5787468793217228 19.53227420459284
-3.5574972756006424 19.528495472264748
-3.510014073412746 19.528495472264748
-3.475776089823623 19.50098728978086
-3.470004955714081 19.467183580978748
-3.459045186107316 19.467183580978748
-3.44570298662335 19.47065197905023
-3.435378084509084 19.470789272211704
-3.424009954843212 19.470789272211704
-3.422036329911198 19.470789272211704
-3.4089122779971084 19.45054489630146
-3.3940734948273166 19.44667218241358
-3.3701256660784944 19.44667218241358
-3.3453086490997093 19.436363266254798
-3.331023853014536 19.43233313466525
-3.323165658162798 19.43233313466525
-3.3175321288335153 19.438259795297682
-3.286960566906391 19.438259795297682
-3.2481305791831776 19.430551041587158
-3.238310428734713 19.411953456977013
-3.2377138927499534 19.403138313339177
-3.226168295850623 19.39637013437373
-3.2126373241327277 19.392895885219446
-3.201698949549338 19.38756381560745
-3.18597386460774 19.381126753121364
-3.176250744378801 19.380667821855578
-3.162324103839283 19.380667821855578
-3.1325366480355443 19.380667821855578
-3.1104327183012135 19.37453659758654
-3.103019369487652 19.365122073727406
-3.0942182232159436 19.354817136200943
-3.086947212238264 19.348515368292595
-3.0821413473225467 19.343654850274426
-3.0783671595748316 19.339254709735698
-3.081635572598609 19.327758446639123
-3.081635572598609 19.32311857598769
-3.0774584656361226 19.327758446639123
-3.0587390597198287 19.329460244070326
-3.0472714948587907 19.328923965818912
-3.0472714948587907 19.323703933798676
-3.0550187320591675 19.316265479758748
-3.0550187320591675 19.316039796807903
-3.046896542197781 19.320163042870846
-3.030735994210577 19.320163042870846
-3.0125575071385944 19.320657615010212
-2.9999004505683446 19.319252707723063
-2.9978419656099335 19.302572706347892
-2.997679066843949 19.304697868725253
-2.98732663990988 19.295768318242764
-2.973895088033819 19.299166642203634
-2.9633871305979906 19.3086424639299
-2.948878393130621 19.299166642203634
-2.9401605178598267 19.289950445432762
-2.9256640726954113 19.27084858880734
-2.901147225122731 19.25296332134019
-2.87505954832051 19.24071220418526
-2.858430566575759 19.23522022816077
-2.8484223315991946 19.22942373484341
-2.816896491403998 19.22708193031187
-2.7817475810876524 19.217143652256986
-2.745041151981934 19.18358315961
-2.710385927680727 19.153468234955223
-2.687027290015653 19.153468234955223
-2.660543736464245 19.143523047440297
-2.6329380046860633 19.127590033085028
-2.601386140837037 19.117924901049292
-2.5821951541830277 19.113436189167597
-2.5776842424318813 19.10551029365056
-2.5585631891518026 19.099377748720066
-2.5244196447473692 19.087156665094774
-2.497585630663271 19.070516431015534
-2.480322914762941 19.06472447563524
-2.458131835991438 19.053635839295506
-2.433911515109668 19.043843699394138
-2.4140481756852177 19.040612975093577
-2.395704966592138 19.036382166766092
-2.3667988653071674 19.031087153029752
-2.3457653575937742 19.025684169514392
-2.336471482392806 19.014313919826638
-2.316557321989964 19.00101781829619
-2.299199567446124 19.00101781829619
-2.2821314546178497 18.99224187418388
-2.2438959814329813 18.99122515128656
-2.219015648367283 18.980233002168333
-2.216388454043517 18.964764716727167
-2.209500479284632 18.963448600555473
-2.1917904072968404 18.963448600555473
-2.1734849837609866 18.963448600555473
-2.164881914388145 18.96286024603812
-2.1636274813079446 18.956804126635728
-2.15396786646399 18.952404779809303
-2.1351774065991966 18.950817264832008
-2.114482819648174 18.941034713192455
-2.0953605189136058 18.92861337990763
-2.0873468527220225 18.92334164534676
-2.0869834146255526 18.92334164534676
-2.072466450629027 18.92142520018036
-2.055431622315014 18.92142520018036
-2.0372296298841075 18.927106665469275
-2.0174952378649493 18.93218441226001
-2.0018289089095713 18.93218441226001
-1.9757437524703798 18.929222436825047
-1.9457025723937917 18.926678913141053
-1.9213112400583878 18.91504116788668
-1.8994476220490817 18.88779643514261
-1.8804363618701594 18.870121427311147
-1.8537930898362223 18.868177012003542
-1.8200875585774043 18.861526399811048
-1.7862142955089895 18.862102918277756
-1.7654411039865656 18.85431213075544
-1.7626223314311371 18.85431213075544
-1.7509360683566402 18.84629124744567
-1.7331837736622213 18.835073424193812
-1.7056033211534467 18.834331377246492
-1.668592029518377 18.829811523616193
-1.6408790723947977 18.828792591367005
-1.6269028092584752 18.8278739481486
-1.6180784707281375 18.823212195363148
-1.5935758666341824 18.82426196235523
-1.5696654278684512 18.825287036691716
-1.5596163697238603 18.82062528390626
-1.5444100079845264 18.833419660889675
-1.521657919922146 18.84051876412517
-1.503987921635249 18.826617997348556
-1.4860774163664223 18.826617997348556
-1.4656357076558044 18.81797282738349
-1.4392477734644116 18.81797282738349
-1.419012891184495 18.81930175814737
-1.4053634556656358 18.81930175814737
-1.3683845511967587 18.813659512129988
-1.3360058493111078 18.80751575238501
-1.31737924026422 18.801995859293932
-1.292710992220526 18.7930386034929
-1.2761230779899029 18.779870257757178
-1.245688637714678 18.764140131221318
-1.1926946374174006 18.764140131221318
-1.1578190416289806 18.764140131221318
-1.122424905584242 18.76598555316893
-1.0805948931663663 18.76331735754505
-1.0577185789178094 18.756871474877453
-1.0251508919905046 18.753402357336363
-0.9831201030296945 18.753402357336363
-0.95022119107724 18.753402357336363
-0.9300471728659416 18.747850541817293
-0.9158299119200974 18.743835049598992
-0.8978625504701259 18.734346449128665
-0.8661936945495511 18.723815996916507
-0.8341282137960049 18.715425464739646
-0.8022684010420991 18.70426921546789
-0.7593353544495846 18.70426921546789
-0.7463280480635219 18.70072953725547
-0.7313629088788911 18.69959906695504
-0.7128163376589516 18.694610611389972
-0.693910096237651 18.692905729861263
-0.6759474167881814 18.692905729861263
-0.6648687092014249 18.695180160474138
-0.6550556232384774 18.70361999829586
-0.6465317929377161 18.713327722908616
-0.6429682488607316 18.715115949296134
-0.6379325472445356 18.715115949296134
-0.6298996166317423 18.695191981975285
-0.6224194139519701 18.691207657863956
-0.6139098034315233 18.681249664590943
-0.6051661766950374 18.684138708597242
-0.6043648887904856 18.687058165453458
-0.6024017550100725 18.687058165453458
-0.5952726422654344 18.691513863781637
-0.5819594304413291 18.691513863781637
-0.5745562525460209 18.68988384221855
-0.5745562525460209 18.6788608897213
-0.5694401572498962 18.665494600097396
-0.5609224859676456 18.665494600097396
-0.5538164365675156 18.66420332050547
-0.5400122832888279 18.67743303242124
-0.5097385487461121 18.68006227651872
-0.48488273332506854 18.68396062897232
-0.4710839424489451 18.694492591949185
-0.4591890558715183 18.695824574963183
-0.4423684921802819 18.69704570658336
-0.42318734044012296 18.697991253907553
-0.40964067991633335 18.696032622539178
-0.40039119034451454 18.683641065346755
-0.39346847209439406 18.682103848143075
-0.376498852606623 18.682103848143075
-0.3583139152434037 18.697848323375254
-0.353390840079977 18.697848323375254
-0.35049679159021974 18.696663027680067
-0.34849939987893575 18.681869747011795
-0.3431847989719986 18.668550324961913
-0.34134055114102835 18.66477397341995
-0.3398323273855218 18.66477397341995
-0.333923635670186 18.66477397341995
-0.3281264779963568 18.6643326891812
-0.3281264779963568 18.67226985087467
-0.3249981587556237 18.669285160552672
-0.3257556741512154 18.665210306925484
-0.3279674671883322 18.665210306925484
-0.3263616217411227 18.66381280706458
-0.3263616217411227 18.657082757755557
-0.3258767292023088 18.662278825688972
-0.3227685422035433 18.666904616488868
-0.3227685422035433 18.666904616488868
-0.32349589051545713 18.666904616488868
-0.3217187846956877 18.669178835456336
-0.3143386537235743 18.67137555766526
-0.2977199048922865 18.673099057801956
-0.28739864847477153 18.675648441020158
-0.2755425319838875 18.675648441020158
-0.2614564621138667 18.66401108273473
-0.2522389781249344 18.664375695925077
-0.2332267790243075 18.65316341446846
-0.21387758547795582 18.66444869971084
-0.20595193396272488 18.675660981167457
-0.18635597741492294 18.68247572128416
-0.15884766489823904 18.683791588387265
-0.1357794359961288 18.683791588387265
-0.1095900814744373 18.67093657297675
-0.09471350697557471 18.663840220295125
-0.09107273903578418 18.655690314256898
-0.08141876730356157 18.651898645867746
-0.0595746332838501 18.64756729742968
-0.034425361323151084 18.639194503062384
-0.0010854063718377556 18.63333257526171
0.022649074874909934 18.638707028048124
0.024952144148113257 18.633114964147055
0.02996729612409704 18.628093722716798
0.035312552328967343 18.63068821118077
0.04298582874642713 18.63068821118077
0.062248032266613997 18.636765954967313
0.07353962527012436 18.639838341313556
0.07353962527012436 18.651026179866847
0.07379768604672428 18.669893751608495
0.07645703483560364 18.669893751608495
0.0955333249437586 18.659886385817337
0.10304271208757529 18.64785070620507
0.10304271208757529 18.643365453597156
0.10051742035689726 18.649295679147077
