-0.35280895502953596 18.680568700183628
0.24916583491219246 19.187519509973292
0.5022691280237135 19.723206580824748
0.9313190366343148 21.05045343713395
1.287380540395095 22.386785029867006
1.8146186060662286 23.657392621463206
2.1399801885553686 24.613449922435027
3.1189461798560045 24.73381299044235
4.760013138112487 24.681305722867165
6.198036656926429 24.659265884400895
7.484198433424369 24.58775176603787
8.492648518672263 24.62476684739787
7.411029906591703 25.46975105571222
5.588672147880093 26.916588209872046
4.082782109919554 28.067283443851593
3.462065306088327 28.681806545652293
4.001178807939349 29.9323540474958
4.4680584102783625 31.080010736912534
4.793157610206237 32.329362596629856
5.36366166571164 33.9371103865698
5.204008002931733 34.42331127932538
2.9434920582497677 32.84983752694362
0.7756017497823913 31.310423014641515
-1.2904668371201526 32.1256754431085
-2.7076059162879176 33.4012241369134
-4.252017921965053 34.57751206621323
-4.732068003333076 34.772515555256795
-4.094152278698172 33.06558976600545
-3.416127067602208 30.912780224572757
-2.922607516388761 29.330757047333663
-2.955066043408366 28.277304787150765
-5.204244367711222 26.84175912451131
-7.21342850592171 25.430746854916748
-7.897779622542405 24.616189420871265
-7.0306094317236525 24.741405514115755
-4.435307180051695 24.718160424754426
-2.7936135921055505 24.727034810271352
-1.6295270224589338 24.545103091661435
-1.2878262294111757 23.374125801241583
-0.7338171671157794 21.1037607724324
-0.13369260705573283 19.017107105215548
