-0.3119027355668501 18.78774064580161
-1.0316734704781023 19.416760116253545
-2.537982811467488 20.885997928716517
-3.9216812317911507 22.14389165632542
-5.886517253747242 23.856377209372646
-7.458669518082492 25.25731601648234
-7.64615363527496 25.712327516911973
-4.876489383836249 25.87123296829453
-2.1473078806273747 25.841994925278282
0.07745422858497353 25.885416011803116
3.4809853598239395 25.795172960763455
5.9440510884560345 25.781543219431402
8.649612606938767 25.882949347511666
6.760762101144961 24.1111050728084
4.247269526591631 22.01207176659244
1.8047301887360487 20.033896232212278
0.025916981268075456 18.650834856358912
-7.037961045950301 28.997847906612957
-7.1593296630534375 32.222703848480094
-7.215781668639763 34.69385277190141
-3.1563726390377007 34.677096913773745
0.9530423647479006 34.72246974490481
5.054547267349182 34.56985516968287
7.390722019491888 34.5251435953228
7.748631364999991 33.3043954579077
7.608679489988964 29.89273534337892
7.526696787371148 27.702128558287672
7.450022323916199 25.949681426326816
-5.319733307588533 28.939413600901762
-5.268388119768414 31.27567879239386
-2.3892492775317304 31.43138245052946
-0.1648775464953678 31.144761863772544
-0.10069700008852611 28.512611200786992
-1.0808064363396686 27.51796564161293
-4.096611323791754 27.56055580831745
4.53649485928149 29.39796107362833
