5.895278783969756 34.463506995986734
0.13974111112921092 18.184062519514452
0.24283070700175569 17.84612388677289
0.5428646818672711 17.16362092707225
1.3332873852825977 15.587970926905092
2.650822096429329 14.53047360210626
4.605911844661241 14.090857320159062
5.926480914612324 14.149572373102705
7.645532745012185 14.73324534324783
9.245141741830468 16.260716889628394
9.902631488132934 18.5309160030643
9.254071119723331 20.62345127103964
7.606768524558388 22.45705475189637
6.248970616373032 24.871075798237428
5.974976578895394 26.993779607900887
4.354681843907397 26.51791640658474
4.444757590657559 24.151716792333428
5.7257096527554925 21.904944519825495
7.061738660656728 20.50955861299879
8.07551400240602 18.53138372513334
7.170731382177478 16.677804322239133
4.581355849090929 15.677205294288514
2.5567925833487193 17.12191219754372
1.943476887870153 19.509906017403345
0.22655059733625038 19.244467383943775
5.005061072737833 28.04011898046703
5.876540877884393 27.822058929411188
6.641672199819912 28.328896518238537
6.256652141269877 30.010314450614768
4.7333051877013865 29.82261675992244
4.516153913877981 28.369736934650252
