-0.13323071012316173 19.053122963876735
-0.6091627178292519 20.023296074450638
-1.090973230982681 20.721540458907572
-0.13982865239133768 20.33158477186297
-0.38739519718313653 20.663678136318232
-1.0599239973445735 21.913183767746897
-2.165894245128092 23.02031740391762
-1.561521287093567 22.944524927369912
-2.13572170270317 24.30516532279377
-3.595562570557127 25.774854666980062
-2.570386813681737 25.75582224112376
-1.7842483477857383 25.75149208713658
-3.0461729464724914 27.31781449632007
-4.767263506645125 28.931693869666315
-5.475207614016117 29.829946984321627
-3.7967218528541093 29.165130566910914
-3.4862179597484726 29.403069216231284
-4.553805723419546 30.994059325559164
-5.684692464916961 32.54291038796438
-6.230340435019748 32.960281173266196
-4.200539142660881 32.41292469012271
-2.666568997091398 31.782531449688893
-3.0573245013543717 32.42258863109764
-3.411179010151486 33.157421279495615
-1.9905105308226347 32.3828787751537
-0.5333646660184701 31.574914153549756
0.3592350890864105 19.305410821020825
1.1129897423771002 20.464650243293665
0.3469819640443321 20.17782450702919
1.244567423235985 21.463062721446736
2.5881858138939253 22.73386768547751
2.96672576687293 23.160767647973625
1.3297970330508582 22.673074624888972
0.801568436613593 22.551954192650093
1.9318628681833965 24.365063353651394
3.609946097437162 25.58789062257451
4.401889255931322 26.156213130955244
2.155631465781065 25.520742432862907
1.9866869309180442 25.969845568380215
3.6535111121033608 27.59181995885547
5.337802758282091 28.93949533991936
6.463856808280667 29.346569541552586
4.447888985144207 29.14387673861697
3.1591124753470328 28.81402596923864
4.1788944135675115 30.12032015086891
6.0815991179349025 31.844125464620486
7.123248785758796 32.64363905049065
6.112315380261467 32.5977292683955
3.410134090544996 31.81548084166018
2.796969398075374 31.56455416508802
3.6823688342709695 32.82278265180465
2.1104923970347134 32.36045312383911
0.9047660088199193 31.718312426107975
-0.40264677053521086 32.02165955632551
-0.736679772077484 33.01205807347863
-1.1627149692646188 34.1909563046944
1.5057559380804744 33.747939522039154
